instances,source,feature_iac_file_loc,feature_iac_file_churn,feature_iac_file_dependency,feature_nb_files,feature_nb_iac_files,feature_nb_noniac_files,feature_avg_files_per_commit,feature_avg_iac_files_per_commit,feature_avg_noniac_files_per_commit,feature_nb_content_sim_files,feature_nb_path_sim_files,feature_Ratio_out_of_cofiles_developers,feature_Ratio_out_of_all_developers,feature_file_nb_parameters,feature_file_nb_variables,feature_file_avg_play_size,feature_file_avg_task_size,feature_file_num_plays,feature_file_num_tasks,feature_file_num_commands,feature_file_num_blocks,feature_file_num_Distinctmodules,feature_file_num_ExternalModules,feature_file_num_FactModules,feature_file_num_Paths,feature_file_num_Roles,feature_file_num_DeprecatedModules,feature_num_ImportedRoles,feature_num_ImportedPlaybooks,feature_num_ImportedTasks,feature_num_IncludedRoles,feature_num_IncludedVars,feature_num_Includes,feature_num_IncludedTasks,feature_file_num_normalized_resources,feature_Graph_History_std_degree_centrality,feature_Graph_History_network_density,feature_Graph_History_Degree_centrality,feature_Graph_History_betweenness_centrality,feature_Graph_History_closeness_centrality,feature_Graph_ContentSimilarity_std_degree_centrality,feature_Graph_ContentSimilarity_network_density,feature_Graph_ContentSimilarity_Degree_centrality,feature_Graph_ContentSimilarity_betweenness_centrality,feature_Graph_ContentSimilarity_closeness_centrality,feature_Graph_PathSimilarity_std_degree_centrality,feature_Graph_PathSimilarity_network_density,feature_Graph_PathSimilarity_Degree_centrality,feature_Graph_PathSimilarity_betweenness_centrality,feature_Graph_PathSimilarity_closeness_centrality
0,ansible-collection-hardening,13,2,0,82,37,45,12.34,11.75,7.5,1,33,0.28,0.16,3,0,0,3,0,3,2,0,3,0,0,0,0,0,0,0,0,0,0,0,0,0.23,0.56,0.56,1.56,0.01,0.82,0.34,0.85,1.84,0,0.92,0,1.01,2.01,0,1
1,ansible-collection-hardening,19,6,0,84,37,47,12.35,11.33,7.78,1,35,0.22,0.18,5,0,0,4,0,4,2,0,4,0,0,1,0,0,0,0,0,0,0,0,0,0.21,0.57,0.51,1.62,0.1,0.84,0.34,0.85,1.84,0,0.92,0.21,0.98,2.01,0.02,1
2,ansible-collection-hardening,19,2,0,84,37,47,12.34,10.5,7.1,1,35,0.18,0.25,5,0,0,4,0,4,2,0,4,0,0,1,0,0,0,0,0,0,0,0,0,0.21,0.57,0.51,1.62,0.12,0.84,0.34,0.85,1.84,0,0.92,0.21,0.98,2.01,0.02,1
3,ansible-collection-hardening,18,4,0,84,37,47,12.3,9.23,5.54,1,35,0.16,0.8,0,0,0,4,0,4,0,0,0,4,0,0,0,0,0,0,0,0,0,0,0,0.22,0.57,0.51,1.62,0.12,0.84,0.34,0.85,1.84,0,0.92,0.21,0.98,2.01,0.02,1
4,ansible-collection-hardening,262,180,0,81,37,44,15.64,15,9.83,1,35,0.25,0.12,109,13,0,9,0,28,1,0,28,0,0,38,0,0,0,0,0,0,0,0,0,0.11,0.56,0.56,1.54,0,0.81,0.34,0.85,1.95,0,0.97,0,1.01,2.01,0,1
5,ansible-collection-hardening,262,2,0,81,37,44,15.61,13,8.57,1,35,0.22,0.16,109,13,0,9,0,28,1,0,28,0,0,38,0,0,0,0,0,0,0,0,0,0.11,0.56,0.56,1.54,0,0.81,0.34,0.85,1.95,0,0.97,0,1.01,2.01,0,1
6,ansible-collection-hardening,262,4,0,83,37,46,15.62,12.38,8.75,1,37,0.23,0.19,109,13,0,9,0,28,1,0,28,0,0,38,0,0,0,0,0,0,0,0,0,0.11,0.57,0.51,1.6,0.1,0.83,0.34,0.85,1.95,0,0.97,0.21,0.98,2.01,0.02,1
7,ansible-collection-hardening,106,208,1,83,37,46,15.56,10.1,7.1,1,37,0.25,0.25,24,3,0,15,0,11,1,0,11,0,0,8,0,0,0,0,0,0,0,0,1,0.1,0.57,0.51,1.6,0.11,0.83,0.34,0.85,1.95,0,0.97,0.21,0.98,2.01,0.02,1
8,ansible-collection-hardening,106,2,1,83,37,46,15.53,9.45,6.55,1,37,0.27,0.29,24,3,0,15,0,11,1,0,11,0,0,8,0,0,0,0,0,0,0,0,1,0.1,0.57,0.5,1.61,0.13,0.84,0.34,0.85,1.95,0,0.97,0.21,0.98,2.01,0.02,1
9,ansible-collection-hardening,106,20,1,83,37,46,15.52,9,6.5,1,37,0.24,0.56,24,3,0,16,0,11,1,0,11,0,0,8,0,0,0,0,0,0,0,0,1,0.1,0.57,0.49,1.61,0.15,0.84,0.34,0.85,1.95,0,0.97,0.21,0.98,2.01,0.02,1
10,ansible-collection-hardening,101,4,19,86,37,49,11.06,7.7,8.8,1,35,0.25,0.24,3,0,0,4,0,20,0,0,20,0,0,0,0,0,0,0,18,0,1,0,0,0.2,0.56,0.56,1.64,0.01,0.85,0.34,0.85,1.92,0,0.96,0,1.01,2.01,0,1
11,ansible-collection-hardening,119,54,19,86,37,49,11.06,7.27,8.64,1,35,0.24,0.33,3,0,0,5,0,20,0,0,20,0,0,0,0,0,0,0,18,0,1,0,0,0.17,0.57,0.54,1.66,0.05,0.86,0.34,0.85,1.92,0,0.96,0,1.01,2.01,0,1
12,ansible-collection-hardening,71,2,3,80,37,43,10.86,7,9.38,1,41,0.2,0.16,5,2,0,6,0,10,0,0,6,4,0,0,0,0,0,0,0,0,1,2,0,0.14,0.56,0.56,1.52,0.04,0.81,0.34,0.85,1.93,0,0.96,0,1.01,2.01,0,1
13,ansible-collection-hardening,73,6,3,82,37,45,10.87,7.11,9.44,1,43,0.14,0.21,5,2,0,6,0,10,0,0,6,4,0,0,0,0,0,0,2,0,1,0,0,0.14,0.57,0.51,1.56,0.13,0.82,0.34,0.85,1.93,0,0.96,0.21,0.98,2.01,0.02,1
14,ansible-collection-hardening,73,2,3,82,37,45,10.88,7.7,8.6,1,43,0.12,0.6,0,2,0,6,0,10,0,0,0,10,0,0,0,0,0,0,2,0,1,0,0,0.14,0.57,0.51,1.56,0.13,0.82,0.34,0.85,1.93,0,0.96,0.21,0.98,2.01,0.02,1
15,ansible-collection-hardening,64,4,0,72,37,35,17.54,15.2,11.6,1,35,0.1,0.06,33,0,0,8,0,7,0,0,7,0,0,7,0,0,0,0,0,0,0,0,0,0.11,0.56,0.56,1.37,0,0.76,0.34,0.85,1.93,0,0.96,0,1.01,2.01,0,1
16,ansible-collection-hardening,13,13,0,72,37,35,37,38,36,2,37,0,0,2,1,0,6,0,2,1,0,2,0,0,1,0,0,0,0,0,0,0,0,0,0.15,0.56,0.56,1.37,0,0.76,0.34,0.85,1.9,0,0.95,0,1.01,2.01,0,1
17,ansible-collection-hardening,6,3,1,81,37,44,22.73,14.75,14.75,2,41,0.25,0.08,0,0,0,5,0,1,0,0,1,0,0,0,0,0,0,0,0,0,0,0,1,0.17,0.56,0.56,1.54,0,0.81,0.34,0.85,1.58,0,0.82,0,1.01,2.01,0,1
18,ansible-collection-hardening,18,7,0,81,37,44,30.3,29,19.67,2,35,0.05,0.03,4,1,0,5,0,3,1,0,3,0,0,2,0,0,0,0,0,0,0,0,0,0.17,0.56,0.56,1.54,0,0.81,0.34,0.85,1.9,0,0.95,0,1.01,2.01,0,1
19,ansible-collection-hardening,17,1,0,81,37,44,30.21,22.5,16.5,3,35,0.06,0.07,4,1,0,5,0,3,1,0,3,0,0,2,0,0,0,0,0,0,0,0,0,0.18,0.57,0.54,1.61,0.05,0.84,0.34,0.85,1.9,0,0.95,0,1.01,2.01,0,1
20,ansible-collection-hardening,117,23,1,73,37,36,22.37,23.67,13.33,1,40,0.06,0.03,57,0,0,9,0,11,0,0,11,0,0,10,0,0,0,0,0,0,1,0,0,0.09,0.56,0.56,1.39,0,0.77,0.34,0.85,1.93,0,0.96,0,1.01,2.01,0,1
21,ansible-collection-hardening,94,23,0,81,37,44,22.31,18,12.25,1,41,0.1,0.06,54,0,0,9,0,9,0,0,9,0,0,10,0,0,0,0,0,0,0,0,0,0.1,0.57,0.49,1.43,0.14,0.78,0.34,0.85,1.93,0,0.96,0.39,0.92,2.01,0.09,1
22,ansible-collection-hardening,94,52,0,81,37,44,22.26,14.6,11.4,1,41,0.14,0.12,54,0,0,9,0,9,0,0,9,0,0,10,0,0,0,0,0,0,0,0,0,0.1,0.57,0.49,1.43,0.14,0.78,0.34,0.85,1.93,0,0.96,0.39,0.92,2.01,0.09,1
23,ansible-collection-hardening,6,3,1,77,37,40,29.79,23.5,27.5,2,42,0,0,0,0,0,5,0,1,0,0,1,0,0,0,0,0,0,0,0,0,0,0,1,0.17,0.56,0.56,1.47,0,0.79,0.34,0.85,1.78,0,0.9,0,1.01,2.01,0,1
24,ansible-collection-hardening,7,3,1,77,37,40,29.62,16,19.33,2,42,0.07,0.04,0,0,0,6,0,1,0,0,1,0,0,0,0,0,0,0,0,0,0,0,1,0.14,0.57,0.55,1.49,0.02,0.8,0.34,0.85,1.78,0,0.9,0,1.01,2.01,0,1
25,ansible-collection-hardening,27,2,0,78,37,41,21.48,19.75,14,1,8,0.11,0.06,15,0,0,8,0,3,0,0,3,0,0,5,0,0,0,0,0,0,0,0,0,0.11,0.56,0.56,1.49,0.02,0.8,0.34,0.85,1.91,0,0.95,0,1.01,2.01,0,1
26,ansible-collection-hardening,32,4,0,81,37,44,30.3,29,19.67,1,35,0.05,0.04,9,1,0,8,0,4,1,0,4,0,0,2,0,0,0,0,0,0,0,0,0,0.12,0.56,0.56,1.54,0,0.81,0.34,0.85,1.9,0,0.95,0,1.01,2.01,0,1
27,ansible-collection-hardening,33,1,0,81,37,44,30.21,22.75,16.25,1,35,0.04,0.18,0,1,0,8,0,4,0,0,0,4,0,0,0,0,0,0,0,0,0,0,0,0.12,0.57,0.55,1.55,0.02,0.82,0.34,0.85,1.9,0,0.95,0,1.01,2.01,0,1
28,ansible-collection-hardening,38,18,0,81,37,44,14.7,11.86,10,4,35,0.07,0.71,0,0,0,7,0,5,0,0,0,5,0,0,0,0,0,0,0,0,0,0,0,0.13,0.56,0.56,1.54,0.03,0.81,0.34,0.85,1.91,0,0.95,0,1.01,2.01,0,1
29,ansible-collection-hardening,64,2,0,81,37,44,13.69,13,8.57,1,35,0.1,0.11,15,3,0,6,0,9,2,0,9,0,0,1,0,0,0,0,0,0,0,0,0,0.14,0.56,0.56,1.54,0,0.81,0.34,0.85,1.95,0,0.97,0,1.01,2.01,0,1
30,ansible-collection-hardening,105,41,0,81,37,44,13.68,11.88,8.25,1,35,0.09,0.12,26,3,0,6,0,14,2,0,14,0,0,2,0,0,0,0,0,0,0,0,0,0.13,0.57,0.55,1.55,0.02,0.82,0.34,0.85,1.95,0,0.97,0,1.01,2.01,0,1
31,ansible-collection-hardening,105,22,0,81,37,44,13.66,10.67,7.44,1,35,0.11,0.17,26,3,0,6,0,14,2,0,14,0,0,2,0,0,0,0,0,0,0,0,0,0.13,0.57,0.55,1.55,0.02,0.82,0.34,0.85,1.95,0,0.97,0,1.01,2.01,0,1
32,ansible-collection-hardening,135,34,0,81,37,44,13.66,10.9,6.8,1,35,0.12,0.31,31,3,0,7,0,17,2,0,17,0,0,2,0,0,0,0,0,0,0,0,0,0.13,0.57,0.55,1.55,0.02,0.82,0.34,0.85,1.95,0,0.97,0,1.01,2.01,0,1
33,ansible-collection-hardening,114,69,0,81,37,44,13.65,10,6.73,1,35,0.12,0.4,0,1,0,8,0,13,0,0,0,13,0,0,0,0,0,0,0,0,0,0,0,0.11,0.57,0.53,1.61,0.07,0.84,0.34,0.85,1.95,0,0.97,0,1.01,2.01,0,1
34,ansible-collection-hardening,109,21,0,81,37,44,13.64,9.5,6.67,1,35,0.12,0.43,0,0,0,8,0,12,0,0,0,12,0,0,0,0,0,0,0,0,0,0,0,0.11,0.57,0.51,1.62,0.12,0.84,0.34,0.85,1.95,0,0.97,0,1.01,2.01,0,1
35,ansible-collection-hardening,111,4,0,81,37,44,13.61,8.29,6.14,1,35,0.14,0.7,0,0,0,8,0,12,0,0,0,12,0,0,0,0,0,0,0,0,0,0,0,0.11,0.57,0.49,1.63,0.15,0.84,0.34,0.85,1.95,0,0.97,0,1.01,2.01,0,1
36,ansible-collection-hardening,40,6,2,83,37,46,9.5,8.5,5.67,1,37,0.1,0.12,8,0,0,6,0,5,0,0,5,0,1,2,0,0,0,0,2,0,0,0,0,0.15,0.56,0.56,1.58,0,0.83,0.34,0.85,1.93,0,0.96,0,1.01,2.01,0,1
37,ansible-collection-hardening,7,4,0,73,37,36,20.43,20,19,1,35,0.06,0.03,3,0,0,6,0,1,0,0,1,0,0,0,0,0,0,0,0,0,0,0,0,0.14,0.56,0.56,1.39,0,0.77,0.34,0.85,1.77,0,0.89,0,1.01,2.01,0,1
38,ansible-collection-hardening,104,18,0,76,37,39,8.16,6.21,5.57,1,34,0.18,0.25,6,2,0,8,0,11,0,0,4,7,0,2,0,0,0,0,0,0,0,0,0,0.11,0.56,0.56,1.45,0.02,0.78,0.34,0.85,1.98,0,0.98,0,1.01,2.01,0,1
39,ansible-collection-hardening,92,27,0,76,37,39,8.16,6.67,5.27,1,34,0.12,0.5,0,2,0,8,0,9,0,0,0,9,0,0,0,0,0,0,0,0,0,0,0,0.1,0.56,0.56,1.45,0.02,0.78,0.34,0.85,1.98,0,0.98,0,1.01,2.01,0,1
40,ansible-collection-hardening,94,2,0,76,37,39,8.16,6.31,5.25,1,34,0.12,0.55,0,2,0,8,0,9,0,0,0,9,0,0,0,0,0,0,0,0,0,0,0,0.1,0.57,0.53,1.48,0.08,0.79,0.34,0.85,1.98,0,0.98,0,1.01,2.01,0,1
41,ansible-collection-hardening,81,22,0,87,37,50,20.83,18.8,13.2,1,35,0.05,0.06,23,1,0,12,0,6,0,1,5,1,0,7,0,0,0,0,0,0,0,0,0,0.09,0.56,0.56,1.66,0.03,0.85,0.34,0.85,1.93,0,0.96,0,1.01,2.01,0,1
42,ansible-collection-hardening,86,5,0,87,37,50,20.79,15.83,11.83,1,35,0.05,0.06,23,1,0,13,0,6,0,1,5,1,0,7,0,0,0,0,0,0,0,0,0,0.08,0.57,0.55,1.66,0.05,0.85,0.34,0.85,1.93,0,0.96,0,1.01,2.01,0,1
43,ansible-collection-hardening,82,6,0,87,37,50,20.69,12.12,9.12,1,35,0.07,0.09,23,1,0,12,0,6,0,1,5,1,0,7,0,0,0,0,0,0,0,0,0,0.09,0.57,0.54,1.66,0.07,0.86,0.34,0.85,1.93,0,0.96,0,1.01,2.01,0,1
44,ansible-collection-hardening,82,2,0,87,37,50,20.64,10.89,8.22,1,35,0.07,0.09,23,1,0,12,0,6,0,1,5,1,0,7,0,0,0,0,0,0,0,0,0,0.09,0.57,0.54,1.66,0.07,0.86,0.34,0.85,1.93,0,0.96,0,1.01,2.01,0,1
45,ansible-collection-hardening,82,2,0,87,37,50,20.59,9.9,7.5,1,35,0.06,0.12,23,1,0,12,0,6,0,1,5,1,0,7,0,0,0,0,0,0,0,0,0,0.09,0.57,0.54,1.66,0.07,0.86,0.34,0.85,1.93,0,0.96,0,1.01,2.01,0,1
46,ansible-collection-hardening,16,2,0,81,37,44,23.22,22.25,14.75,1,35,0.12,0.12,7,0,0,7,0,2,0,0,2,0,0,2,0,0,0,0,0,0,0,0,0,0.12,0.56,0.56,1.54,0,0.81,0.34,0.85,1.92,0,0.96,0,1.01,2.01,0,1
47,ansible-collection-hardening,65,9,0,77,37,40,27.99,26,18.33,1,36,0.06,0.03,6,1,0,10,0,5,2,1,4,1,0,0,0,0,0,0,0,0,0,0,0,0.09,0.56,0.56,1.47,0,0.79,0.34,0.85,1.93,0,0.96,0,1.01,2.01,0,1
48,ansible-collection-hardening,65,2,0,79,37,42,27.95,21.5,16.25,1,38,0.07,0.08,6,1,0,10,0,5,2,1,4,1,0,0,0,0,0,0,0,0,0,0,0,0.09,0.57,0.51,1.53,0.1,0.81,0.34,0.85,1.93,0,0.96,0.21,0.98,2.01,0.02,1
49,ansible-collection-hardening,64,2,0,79,37,42,27.89,19.8,13.2,1,38,0.08,0.27,0,1,0,10,0,5,0,1,0,5,0,0,0,0,0,0,0,0,0,0,0,0.09,0.57,0.51,1.53,0.1,0.81,0.34,0.85,1.93,0,0.96,0.21,0.98,2.01,0.02,1
50,ansible-collection-hardening,64,2,0,79,37,42,27.81,17.17,12,1,38,0.08,0.4,0,1,0,10,0,5,0,1,0,5,0,0,0,0,0,0,0,0,0,0,0,0.09,0.57,0.49,1.56,0.15,0.82,0.34,0.85,1.93,0,0.96,0.21,0.98,2.01,0.02,1
51,ansible-collection-hardening,120,14,0,75,37,38,12.41,11,7.86,1,36,0.07,0.08,12,0,0,15,0,7,1,2,5,2,0,2,0,0,0,0,0,0,0,0,0,0.07,0.56,0.56,1.43,0.06,0.78,0.34,0.85,1.94,0,0.97,0,1.01,2.01,0,1
52,ansible-collection-hardening,120,14,0,75,37,38,12.41,11.25,7,1,36,0.07,0.09,12,0,0,15,0,7,1,2,5,2,0,2,0,0,0,0,0,0,0,0,0,0.07,0.56,0.56,1.43,0.06,0.78,0.34,0.85,1.94,0,0.97,0,1.01,2.01,0,1
53,ansible-collection-hardening,65,20,0,83,37,46,19.16,18,12.2,1,35,0.17,0.09,0,0,0,29,0,2,0,2,0,2,0,0,0,0,0,0,0,0,0,0,0,0.06,0.56,0.56,1.58,0.03,0.83,0.34,0.85,1.95,0,0.97,0,1.01,2.01,0,1
54,ansible-collection-hardening,64,13,0,85,37,48,19.11,14.14,10.14,1,37,0.15,0.17,0,0,0,29,0,2,0,2,0,2,0,0,0,0,0,0,0,0,0,0,0,0.06,0.57,0.51,1.64,0.12,0.85,0.34,0.85,1.95,0,0.97,0.21,0.98,2.01,0.02,1
55,ansible-collection-hardening,65,1,0,85,37,48,19.09,14,9,1,37,0.1,0.45,0,0,0,30,0,2,0,2,0,2,0,0,0,0,0,0,0,0,0,0,0,0.06,0.57,0.51,1.64,0.12,0.85,0.34,0.85,1.95,0,0.97,0.21,0.98,2.01,0.02,1
56,ansible-collection-hardening,65,4,0,85,37,48,19.07,12.78,8.67,1,37,0.1,0.5,0,0,0,30,0,2,0,2,0,2,0,0,0,0,0,0,0,0,0,0,0,0.06,0.57,0.48,1.68,0.19,0.86,0.34,0.85,1.95,0,0.97,0.21,0.98,2.01,0.02,1
57,ansible-collection-hardening,137,2,7,80,37,43,12.82,8.45,7.18,1,36,0.17,0.6,0,2,0,7,0,18,0,0,0,18,0,0,0,0,0,0,0,0,1,0,6,0.13,0.56,0.56,1.52,0.01,0.81,0.34,0.85,1.95,0,0.97,0,1.01,2.01,0,1
58,ansible-collection-hardening,137,2,7,80,37,43,12.82,8.08,7.08,1,36,0.16,0.9,0,2,0,7,0,18,0,0,0,18,0,0,0,0,0,0,0,0,1,0,6,0.13,0.57,0.53,1.57,0.07,0.82,0.34,0.85,1.95,0,0.97,0,1.01,2.01,0,1
59,Infra,14,1,0,2,1,1,2.38,1.5,1,1,28,0.5,0.5,5,0,0,6,0,2,0,0,1,1,0,1,0,0,0,0,0,0,0,0,0,0.14,0.29,0.17,0.05,0,0.03,0.45,0.66,1.31,0,0.74,0,1.01,2.01,0,1
60,Infra,13,3,0,7,2,5,9.6,4,7,1,27,0.25,0.5,7,0,0,12,0,1,0,0,1,0,0,0,0,0,0,0,0,0,0,0,0,0.08,0.29,0.17,0.18,0,0.43,0.45,0.66,1.05,0,0.67,0,1.01,2.01,0,1
61,Infra,29,9,3,9,2,7,5.13,2.2,3.4,1,31,0.17,0.5,4,0,0,4,0,5,0,0,5,0,0,1,0,0,0,0,0,0,0,0,3,0.17,0.29,0.17,0.23,0.01,0.44,0.45,0.66,1.66,0,0.85,0,1.01,2.01,0,1
62,Infra,28,3,3,11,3,8,5.14,2.5,3.67,1,33,0.17,0.5,4,0,0,4,0,5,0,0,5,0,0,1,0,0,0,0,0,0,0,0,3,0.18,0.28,0.15,0.35,0.09,0.46,0.45,0.66,1.66,0,0.85,0.23,0.98,2.01,0.03,1
63,Infra,80,9,0,9,2,7,4.94,2.2,3.2,2,27,0.17,0.5,14,0,0,9,0,6,0,0,6,0,0,6,0,0,0,0,0,0,0,0,0,0.07,0.29,0.17,0.23,0.01,0.44,0.45,0.66,1.79,0,0.9,0,1.01,2.01,0,1
64,ansible-hardening,59,2,3,23,10,13,4.55,4.11,1.71,1,21,0.13,0.23,5,2,0,6,0,7,1,0,7,0,0,1,0,0,0,0,0,0,1,0,2,0.12,0.36,0.19,0.62,0.05,0.58,0.25,0.87,1.96,0,0.97,0,1.01,2.02,0,1
65,ansible-hardening,59,76,3,23,10,13,4.55,4.21,1.66,1,21,0.15,0.29,5,2,0,6,0,7,1,0,7,0,0,1,0,0,0,0,1,0,1,0,1,0.12,0.36,0.19,0.76,0.06,0.61,0.25,0.87,1.96,0,0.97,0,1.01,2.02,0,1
66,ansible-hardening,59,14,3,23,10,13,4.55,4.13,1.6,1,21,0.13,0.86,5,2,0,6,0,7,1,0,7,0,0,1,0,0,0,0,1,0,1,0,1,0.12,0.36,0.19,0.76,0.06,0.61,0.25,0.87,1.96,0,0.97,0,1.01,2.02,0,1
67,ansible-hardening,140,2,0,32,14,18,4.57,3.27,2.73,1,20,0.08,0.14,18,3,0,12,0,8,2,0,8,0,0,6,0,0,0,0,0,0,0,0,0,0.06,0.36,0.19,0.86,0.01,0.63,0.25,0.87,1.98,0,0.98,0,1.01,2.02,0,1
68,ansible-hardening,140,8,0,32,14,18,4.57,3.58,2.5,1,20,0.08,0.57,18,3,0,12,0,8,2,0,8,0,0,6,0,0,0,0,0,0,0,0,0,0.06,0.36,0.19,0.89,0.01,0.64,0.25,0.87,1.98,0,0.98,0,1.01,2.02,0,1
69,ansible-hardening,140,4,0,34,14,20,4.64,4.46,2.85,1,22,0.1,0.83,18,3,0,12,0,8,2,0,8,0,0,6,0,0,0,0,0,0,0,0,0,0.06,0.35,0.18,1,0.07,0.66,0.25,0.87,1.98,0,0.98,0.27,0.97,2.02,0.04,1
70,ansible-hardening,164,2,0,29,13,16,3.6,2.76,1.59,1,19,0.09,0.14,11,5,0,13,0,11,5,0,11,0,0,3,0,0,0,0,0,0,0,0,0,0.07,0.36,0.19,0.78,0.01,0.6,0.25,0.87,1.9,0,0.95,0,1.01,2.02,0,1
71,ansible-hardening,164,4,0,29,13,16,3.61,3,1.5,1,19,0.09,0.57,11,5,0,13,0,11,5,0,11,0,0,3,0,0,0,0,0,0,0,0,0,0.07,0.36,0.19,0.81,0.01,0.61,0.25,0.87,1.9,0,0.95,0,1.01,2.02,0,1
72,ansible-hardening,164,4,0,31,13,18,3.65,3.63,1.79,1,21,0.11,0.83,11,5,0,13,0,11,5,0,11,0,0,3,0,0,0,0,0,0,0,0,0,0.07,0.35,0.18,0.95,0.07,0.64,0.25,0.87,1.9,0,0.95,0.27,0.97,2.02,0.04,1
73,ansible-hardening,164,4,0,31,13,18,3.66,3.75,1.9,1,21,0.11,1,11,5,0,13,0,11,5,0,11,0,0,3,0,0,0,0,0,0,0,0,0,0.07,0.35,0.18,0.95,0.07,0.64,0.25,0.87,1.9,0,0.95,0.27,0.97,2.02,0.04,1
74,ansible-hardening,156,14,0,31,13,18,3.67,3.86,1.81,1,21,0.14,6,11,5,0,12,0,11,5,0,11,0,0,3,0,0,0,0,0,0,0,0,0,0.07,0.35,0.18,0.95,0.07,0.64,0.25,0.87,1.9,0,0.95,0.27,0.97,2.02,0.04,1
75,ansible-hardening,249,8,0,12,6,6,4.07,3,2,1,20,0.03,0.14,33,4,0,13,0,17,4,0,17,0,0,8,0,0,0,0,0,0,0,0,0,0.07,0.36,0.19,0.32,0,0.54,0.25,0.87,2,0,0.99,0,1.01,2.02,0,1
76,ansible-hardening,249,4,0,14,6,8,4.12,3.6,2.2,1,22,0.05,0.29,33,4,0,13,0,17,4,0,17,0,0,8,0,0,0,0,0,0,0,0,0,0.07,0.35,0.18,0.42,0.05,0.55,0.25,0.87,2,0,0.99,0.27,0.97,2.02,0.04,1
77,ansible-hardening,249,2,0,16,6,10,4.27,5.5,3,1,24,0.04,0.33,33,4,0,13,0,17,4,0,17,0,0,8,0,0,0,0,0,0,0,0,0,0.07,0.34,0.18,0.72,0.11,0.6,0.25,0.87,2,0,0.99,0.36,0.94,2.02,0.07,1
78,ansible-hardening,92,4,0,22,6,16,4.81,3.45,2.7,1,4,0.09,4,19,0,0,4,0,15,5,0,15,0,0,1,0,0,0,0,0,0,0,0,0,0.16,0.36,0.19,0.59,0.04,0.58,0.25,0.87,1.92,0,0.95,0,1.01,2.02,0,1
79,ansible-hardening,440,12,0,31,14,17,2.91,1.89,1.44,1,20,0.1,0.5,54,13,0,11,0,36,10,0,36,0,0,12,0,0,0,0,0,0,0,0,0,0.08,0.36,0.19,0.84,0.01,0.63,0.25,0.87,2.02,0,1,0,1.01,2.02,0,1
80,ansible-hardening,440,4,0,31,14,17,2.91,1.86,1.43,1,20,0.11,0.86,54,13,0,11,0,36,10,0,36,0,0,12,0,0,0,0,0,0,0,0,0,0.08,0.36,0.19,0.84,0.01,0.63,0.25,0.87,2.02,0,1,0,1.01,2.02,0,1
81,ansible-hardening,440,14,0,33,14,19,2.92,2,1.48,1,22,0.12,1,54,13,0,11,0,36,10,0,36,0,0,12,0,0,0,0,0,0,0,0,0,0.08,0.35,0.18,0.89,0.07,0.64,0.25,0.87,2.02,0,1,0.27,0.97,2.02,0.04,1
82,ansible-hardening,456,18,0,35,14,21,2.95,2.43,1.67,1,24,0.12,1.17,58,13,0,11,0,37,10,0,37,0,0,13,0,0,0,0,0,0,0,0,0,0.08,0.34,0.17,1.05,0.13,0.68,0.25,0.87,2.02,0,1,0.36,0.94,2.02,0.07,1
83,ansible-hardening,456,6,0,35,14,21,2.95,2.39,1.68,1,24,0.14,1.6,58,13,0,11,0,37,10,0,37,0,0,13,0,0,0,0,0,0,0,0,0,0.08,0.34,0.17,1.05,0.13,0.68,0.25,0.87,2.02,0,1,0.36,0.94,2.02,0.07,1
84,ansible-hardening,271,2,0,36,17,19,2.92,2,1.56,1,20,0.11,0.13,39,6,0,14,0,17,3,1,16,1,0,9,0,0,0,0,0,0,0,0,0,0.07,0.36,0.19,0.97,0.03,0.66,0.25,0.87,1.98,0,0.98,0,1.01,2.02,0,1
85,ansible-hardening,271,8,0,36,17,19,2.92,1.98,1.55,1,20,0.12,0.23,39,6,0,14,0,17,3,1,16,1,0,9,0,0,0,0,0,0,0,0,0,0.07,0.36,0.19,0.97,0.03,0.66,0.25,0.87,1.98,0,0.98,0,1.01,2.02,0,1
86,ansible-hardening,273,10,0,36,17,19,2.93,2.1,1.51,1,20,0.12,0.86,39,6,0,14,0,17,3,1,16,1,0,9,0,0,0,0,0,0,0,0,0,0.07,0.36,0.19,0.97,0.03,0.66,0.25,0.87,1.98,0,0.98,0,1.01,2.02,0,1
87,ansible-hardening,273,10,0,38,17,21,2.93,2.19,1.55,1,22,0.13,1,39,6,0,14,0,17,3,1,16,1,0,9,0,0,0,0,0,0,0,0,0,0.07,0.35,0.18,1,0.08,0.67,0.25,0.87,1.98,0,0.98,0.27,0.97,2.02,0.04,1
88,ansible-hardening,271,2,0,40,17,23,2.95,2.45,1.64,1,24,0.15,1.33,39,6,0,14,0,17,3,1,16,1,0,9,0,0,0,0,0,0,0,0,0,0.07,0.34,0.17,1.08,0.13,0.68,0.25,0.87,1.98,0,0.98,0.36,0.94,2.02,0.07,1
89,ansible-hardening,271,2,0,40,17,23,2.96,2.53,1.69,1,24,0.15,1.6,39,6,0,14,0,17,3,1,16,1,0,9,0,0,0,0,0,0,0,0,0,0.07,0.34,0.17,1.08,0.13,0.68,0.25,0.87,1.98,0,0.98,0.36,0.94,2.02,0.07,1
90,ansible-hardening,134,2,0,28,13,15,3.31,2.43,1.71,1,20,0.14,0.23,9,4,0,12,0,8,3,0,8,0,0,1,0,0,0,0,0,0,0,0,0,0.06,0.36,0.19,0.76,0,0.6,0.25,0.87,1.96,0,0.97,0,1.01,2.02,0,1
91,ansible-hardening,137,5,0,28,13,15,3.32,2.73,1.6,1,20,0.13,0.86,9,4,0,13,0,8,3,0,8,0,0,1,0,0,0,0,0,0,0,0,0,0.06,0.36,0.19,0.78,0.01,0.61,0.25,0.87,1.96,0,0.97,0,1.01,2.02,0,1
92,ansible-hardening,137,20,0,30,13,17,3.34,2.94,1.69,1,22,0.16,1,9,4,0,13,0,8,3,0,8,0,0,1,0,0,0,0,0,0,0,0,0,0.06,0.35,0.18,0.84,0.06,0.62,0.25,0.87,1.96,0,0.97,0.27,0.97,2.02,0.04,1
93,ansible-hardening,68,17,0,4,4,0,3.21,3.5,0,1,19,0.2,0.29,6,3,0,16,0,3,1,0,3,0,0,0,0,0,0,0,0,0,0,0,0,0.04,0.36,0.19,0.11,0,0.42,0.25,0.87,1.77,0,0.89,0,1.01,2.02,0,1
94,ansible-hardening,68,2,0,4,4,0,3.19,2.67,0.33,1,19,0.17,0.43,6,3,0,16,0,3,1,0,3,0,0,0,0,0,0,0,0,0,0,0,0,0.04,0.36,0.19,0.14,0,0.5,0.25,0.87,1.77,0,0.89,0,1.01,2.02,0,1
95,ansible-hardening,68,2,0,6,4,2,3.52,5.75,2,2,21,0.1,0.43,6,3,0,16,0,3,1,0,3,0,0,0,0,0,0,0,0,0,0,0,0,0.04,0.35,0.19,0.58,0.06,0.57,0.25,0.87,1.77,0,0.89,0.27,0.97,2.02,0.04,1
96,ansible-hardening,66,4,0,6,4,2,3.51,5.2,1.6,3,21,0.13,4,6,3,0,16,0,3,1,0,3,0,0,0,0,0,0,0,0,0,0,0,0,0.05,0.35,0.19,0.58,0.06,0.57,0.25,0.87,1.77,0,0.89,0.27,0.97,2.02,0.04,1
97,ansible-hardening,185,2,0,26,13,13,4.2,2.08,3.38,1,20,0.03,0.14,21,2,0,16,0,10,0,0,10,0,0,9,0,0,0,0,0,0,0,0,0,0.05,0.36,0.19,0.7,0,0.59,0.25,0.87,1.92,0,0.95,0,1.01,2.02,0,1
98,ansible-hardening,41,4,1,9,7,2,4.96,5,0.67,1,20,0.04,0.14,5,1,0,8,0,3,0,0,3,0,0,2,0,0,0,0,0,0,0,0,1,0.07,0.36,0.19,0.24,0,0.45,0.25,0.87,1.69,0,0.86,0,1.01,2.02,0,1
99,ansible-hardening,149,39,0,29,14,15,3.68,3.38,1.62,1,20,0.04,0.4,20,2,0,15,0,8,2,0,8,0,0,5,0,0,0,0,0,0,0,0,0,0.05,0.36,0.19,0.78,0.01,0.62,0.25,0.87,2,0,0.99,0,1.01,2.02,0,1
100,ansible-hardening,93,2,1,10,7,3,4.42,4,1,1,20,0.04,0.03,9,2,0,12,0,6,1,0,6,0,0,2,0,0,0,0,0,0,0,0,1,0.06,0.36,0.19,0.27,0,0.52,0.25,0.87,1.9,0,0.95,0,1.01,2.02,0,1
101,ansible-hardening,93,20,1,11,7,4,4.42,3.4,1.4,1,21,0.03,0.14,9,2,0,12,0,6,1,0,6,0,0,2,0,0,0,0,0,0,0,0,1,0.06,0.35,0.18,0.29,0.03,0.52,0.25,0.87,1.9,0,0.95,0.19,0.99,2.02,0.02,1
102,ansible-hardening,91,4,1,13,7,6,4.57,5.33,2.33,1,23,0.05,2,9,2,0,12,0,6,1,0,6,0,0,2,0,0,0,0,0,0,0,0,1,0.07,0.35,0.18,0.68,0.08,0.59,0.25,0.87,1.9,0,0.95,0.32,0.95,2.02,0.06,1
103,ansible-hardening,100,24,13,29,19,10,4.31,3.57,1.57,1,21,0.07,0.14,5,3,0,3,0,19,1,0,17,2,0,1,0,0,0,0,12,0,0,0,1,0.19,0.36,0.19,0.78,0.03,0.61,0.25,0.87,1.98,0,0.98,0,1.01,2.02,0,1
104,ansible-hardening,101,7,13,29,19,10,4.31,3.5,1.5,1,21,0.08,0.57,7,3,0,3,0,19,0,0,17,2,0,1,0,0,0,0,12,0,0,0,1,0.19,0.36,0.19,0.78,0.03,0.61,0.25,0.87,1.98,0,0.98,0,1.01,2.02,0,1
105,ansible-hardening,102,1,13,31,19,12,4.31,3.6,1.56,1,23,0.1,0.71,7,3,0,3,0,19,0,0,17,2,0,1,0,0,0,0,12,0,0,0,1,0.19,0.35,0.18,0.82,0.08,0.62,0.25,0.87,1.98,0,0.98,0.27,0.97,2.02,0.04,1
106,ansible-hardening,102,4,13,34,19,15,4.32,3.5,1.73,1,26,0.12,0.86,7,3,0,3,0,19,0,0,17,2,0,1,0,0,0,0,12,0,0,0,1,0.19,0.34,0.17,0.86,0.15,0.63,0.25,0.87,1.98,0,0.98,0.4,0.92,2.02,0.09,1
107,ansible-hardening,102,2,13,34,19,15,4.35,3.93,1.93,1,26,0.12,1,7,3,0,3,0,19,0,0,17,2,0,1,0,0,0,0,12,0,0,0,1,0.19,0.34,0.17,0.89,0.15,0.63,0.25,0.87,1.98,0,0.98,0.4,0.92,2.02,0.09,1
108,ansible-hardening,91,2,0,28,16,12,4.58,4.3,1.8,3,20,0.1,0.14,10,2,0,14,0,5,1,0,5,0,0,2,0,0,0,0,0,0,0,0,0,0.05,0.36,0.19,0.76,0.01,0.6,0.25,0.87,1.92,0,0.95,0,1.01,2.02,0,1
109,ansible-hardening,91,6,0,28,16,12,4.58,4.55,1.64,4,20,0.1,0.57,10,2,0,14,0,5,1,0,5,0,0,2,0,0,0,0,0,0,0,0,0,0.05,0.36,0.19,0.78,0.01,0.61,0.25,0.87,1.92,0,0.95,0,1.01,2.02,0,1
110,ansible-hardening,92,3,0,30,16,14,4.65,5.42,2.08,6,22,0.12,0.71,10,2,0,14,0,5,1,0,5,0,0,2,0,0,0,0,0,0,0,0,0,0.05,0.35,0.18,0.89,0.07,0.63,0.25,0.87,1.92,0,0.95,0.27,0.97,2.02,0.04,1
111,ansible-hardening,92,2,0,30,16,14,4.64,5.23,1.92,6,22,0.14,1.2,10,2,0,14,0,5,1,0,5,0,0,2,0,0,0,0,0,0,0,0,0,0.05,0.35,0.18,0.89,0.07,0.63,0.25,0.87,1.92,0,0.95,0.27,0.97,2.02,0.04,1
112,ansible-hardening,124,8,0,27,15,12,4.19,3.5,1.8,3,20,0.14,0.71,16,2,0,10,0,10,3,0,10,0,0,4,0,0,0,0,0,0,0,0,0,0.08,0.36,0.19,0.73,0.01,0.59,0.25,0.87,1.96,0,0.97,0,1.01,2.02,0,1
113,ansible-hardening,124,2,0,29,15,14,4.26,4.55,2.27,4,22,0.17,1.2,16,2,0,10,0,10,3,0,10,0,0,4,0,0,0,0,0,0,0,0,0,0.08,0.35,0.18,0.89,0.07,0.63,0.25,0.87,1.96,0,0.97,0.27,0.97,2.02,0.04,1
114,ansible-hardening,109,5,0,37,16,21,5.15,3.58,3.33,1,20,0.05,0.15,13,2,0,13,0,7,2,0,7,0,0,3,0,0,0,0,0,0,0,0,0,0.06,0.36,0.19,1,0.04,0.66,0.25,0.87,1.98,0,0.98,0,1.01,2.02,0,1
115,ansible-hardening,109,2,0,38,16,22,5.14,3.38,3.15,1,21,0.06,0.43,13,2,0,13,0,7,2,0,7,0,0,3,0,0,0,0,0,0,0,0,0,0.06,0.35,0.18,1.01,0.06,0.66,0.25,0.87,1.98,0,0.98,0.19,0.99,2.02,0.02,1
116,ansible-hardening,109,4,0,40,16,24,5.15,3.57,3.14,1,23,0.08,0.57,13,2,0,13,0,7,2,0,7,0,0,3,0,0,0,0,0,0,0,0,0,0.06,0.35,0.18,1.04,0.11,0.67,0.25,0.87,1.98,0,0.98,0.32,0.95,2.02,0.06,1
117,ansible-hardening,109,4,0,42,16,26,5.2,4.33,3.4,1,25,0.08,0.67,13,2,0,13,0,7,2,0,7,0,0,3,0,0,0,0,0,0,0,0,0,0.06,0.34,0.17,1.14,0.17,0.69,0.25,0.87,1.98,0,0.98,0.4,0.92,2.02,0.09,1
118,ansible-hardening,107,2,0,18,12,6,5.96,5.5,1.75,3,20,0.1,0.14,12,3,0,12,0,7,2,0,7,0,0,4,0,0,0,0,0,0,0,0,0,0.07,0.36,0.19,0.49,0.01,0.55,0.25,0.87,1.92,0,0.95,0,1.01,2.02,0,1
119,ansible-hardening,108,3,0,18,12,6,5.97,5.8,1.4,4,20,0.11,0.57,12,3,0,12,0,7,2,0,7,0,0,4,0,0,0,0,0,0,0,0,0,0.06,0.36,0.19,0.51,0.01,0.56,0.25,0.87,1.92,0,0.95,0,1.01,2.02,0,1
120,ansible-hardening,108,2,0,18,12,6,5.95,5.33,1.17,5,20,0.12,1,12,3,0,12,0,7,2,0,7,0,0,4,0,0,0,0,0,0,0,0,0,0.06,0.36,0.19,0.51,0.01,0.56,0.25,0.87,1.92,0,0.95,0,1.01,2.02,0,1
121,postgresql-cluster,53,6,0,140,98,42,54.96,75.5,28,1,87,0.05,0.09,16,1,0,10,0,4,0,0,4,0,0,5,0,0,0,0,0,0,0,0,0,0.08,0.46,0.54,1.55,0,0.82,0.37,0.85,1.9,0,0.95,0,1,2.01,0,1
122,postgresql-cluster,81,81,0,110,97,13,55.5,98,13,1,56,0,0,1,3,0,9,0,7,4,2,5,2,0,0,0,0,0,0,0,0,0,0,0,0.11,0.46,0.54,1.22,0,0.72,0.37,0.85,1.79,0,0.9,0,1,2.01,0,1
123,postgresql-cluster,26,26,0,110,97,13,55.5,98,13,1,75,0,0,4,3,0,13,0,2,1,0,2,0,0,0,0,0,0,0,0,0,0,0,0,0.08,0.46,0.54,1.22,0,0.72,0.37,0.85,1.89,0,0.95,0,1,2.01,0,1
124,postgresql-cluster,138,4,0,144,102,42,18.71,21.25,7.75,1,88,0.1,0.14,24,2,0,10,0,12,0,3,9,3,0,6,0,0,0,0,0,0,0,0,0,0.11,0.46,0.54,1.59,0.01,0.83,0.37,0.85,1.94,0,0.97,0,1,2.01,0,1
125,postgresql-cluster,138,2,0,144,102,42,18.72,21.44,7.67,1,88,0.12,0.27,24,2,0,10,0,12,0,3,9,3,0,6,0,0,0,0,0,0,0,0,0,0.11,0.46,0.54,1.59,0.01,0.83,0.37,0.85,1.94,0,0.97,0,1,2.01,0,1
126,postgresql-cluster,111,20,0,131,99,32,15.35,18.71,6.43,1,70,0.1,0.14,0,5,0,48,0,2,0,2,0,2,0,0,0,0,0,0,0,0,0,0,0,0.04,0.46,0.54,1.45,0,0.78,0.37,0.85,1.85,0,0.93,0,1,2.01,0,1
127,postgresql-cluster,16,16,0,110,97,13,55.5,98,13,2,10,0,0,1,1,0,12,0,1,0,0,1,0,0,0,0,0,0,0,0,0,0,0,0,0.06,0.46,0.54,1.22,0,0.72,0.37,0.85,1.68,0,0.86,0,1,2.01,0,1
128,postgresql-cluster,201,4,0,144,102,42,9.26,9.95,3.55,4,88,0.23,0.36,33,2,0,12,0,15,0,2,13,2,0,8,0,0,0,0,0,0,0,0,0,0.08,0.46,0.54,1.59,0.01,0.83,0.37,0.85,1.92,0,0.96,0,1,2.01,0,1
129,postgresql-cluster,201,6,0,144,102,42,9.27,10.57,3.71,4,88,0.24,0.5,33,2,0,12,0,15,0,2,13,2,0,8,0,0,0,0,0,0,0,0,0,0.08,0.46,0.54,1.59,0.01,0.83,0.37,0.85,1.92,0,0.96,0,1,2.01,0,1
130,postgresql-cluster,223,42,0,144,102,42,9.27,10.18,3.55,5,88,0.24,0.5,33,2,0,12,0,15,0,2,13,2,0,8,0,0,0,0,0,0,0,0,0,0.08,0.46,0.54,1.59,0.01,0.83,0.37,0.85,1.92,0,0.96,0,1,2.01,0,1
131,postgresql-cluster,171,52,0,144,102,42,9.27,9.83,3.39,5,88,0.24,0.55,28,2,0,14,0,10,0,2,8,2,0,8,0,0,0,0,0,0,0,0,0,0.07,0.46,0.54,1.59,0.01,0.83,0.37,0.85,1.92,0,0.96,0,1,2.01,0,1
132,postgresql-cluster,171,10,0,147,102,45,9.27,9.75,3.5,5,91,0.24,0.55,28,2,0,14,0,10,0,2,8,2,0,8,0,0,0,0,0,0,0,0,0,0.07,0.47,0.53,1.6,0.04,0.83,0.37,0.85,1.92,0,0.96,0.22,0.98,2.01,0.03,1
133,postgresql-cluster,191,58,0,147,102,45,9.28,10.52,3.4,5,91,0.28,0.64,28,2,0,16,0,10,0,2,8,2,0,8,0,0,0,0,0,0,0,0,0,0.06,0.47,0.53,1.6,0.04,0.83,0.37,0.85,1.92,0,0.96,0.22,0.98,2.01,0.03,1
134,postgresql-cluster,68,18,0,140,98,42,54.96,75.5,28,2,54,0.05,0.09,0,4,0,20,0,3,0,1,0,3,0,0,0,0,0,0,0,0,0,0,0,0.06,0.46,0.54,1.55,0,0.82,0.37,0.85,1.89,0,0.95,0,1,2.01,0,1
135,postgresql-cluster,16,16,0,110,97,13,55.5,98,13,2,52,0,0,1,1,0,13,0,1,0,0,1,0,0,0,0,0,0,0,0,0,0,0,0,0.06,0.46,0.54,1.22,0,0.72,0.37,0.85,1.75,0,0.89,0,1,2.01,0,1
136,postgresql-cluster,22,2,0,73,39,34,14.73,11.67,7.5,1,88,0.08,0.18,0,0,0,18,0,1,0,0,0,1,0,0,0,0,0,0,0,0,0,0,0,0.05,0.46,0.54,0.81,0,0.63,0.37,0.85,1.72,0,0.87,0,1,2.01,0,1
137,postgresql-cluster,36,2,1,140,98,42,37.62,51.33,18.67,2,31,0.05,0.09,3,1,0,7,0,4,0,0,3,1,0,0,0,0,0,0,0,0,0,0,1,0.11,0.46,0.54,1.55,0,0.82,0.37,0.85,1.83,0,0.92,0,1,2.01,0,1
138,postgresql-cluster,140,20,1,135,99,36,9.54,10.36,4.14,1,88,0.14,0.21,2,6,0,19,0,6,0,4,2,4,0,0,0,0,0,0,1,0,0,0,0,0.07,0.46,0.54,1.49,0.01,0.8,0.37,0.85,1.92,0,0.96,0,1,2.01,0,1
139,postgresql-cluster,142,2,1,135,99,36,9.55,10.56,4.06,1,88,0.21,0.45,2,6,0,19,0,6,0,4,2,4,0,0,0,0,0,0,1,0,0,0,0,0.07,0.46,0.54,1.49,0.01,0.8,0.37,0.85,1.92,0,0.96,0,1,2.01,0,1
140,postgresql-cluster,185,43,2,135,99,36,9.56,11.65,3.88,1,88,0.25,0.55,2,6,0,19,0,8,0,5,3,5,0,0,0,0,0,0,2,0,0,0,0,0.07,0.46,0.54,1.49,0.01,0.8,0.37,0.85,1.92,0,0.96,0,1,2.01,0,1
141,postgresql-cluster,27,27,3,110,97,13,55.5,98,13,1,75,0,0,1,0,0,6,0,4,0,0,4,0,0,0,0,0,0,0,3,0,0,0,0,0.15,0.46,0.54,1.22,0,0.72,0.37,0.85,1.78,0,0.9,0,1,2.01,0,1
142,postgresql-cluster,41,14,5,113,97,16,55.13,53,9.5,1,78,0.06,0.09,1,0,0,6,0,6,0,0,6,0,0,0,0,0,0,0,5,0,0,0,0,0.15,0.47,0.53,1.24,0.03,0.72,0.37,0.85,1.78,0,0.9,0.22,0.98,2.01,0.03,1
143,postgresql-cluster,172,16,0,144,102,42,11.45,11.81,4.94,1,69,0.05,0.07,0,4,0,72,0,2,0,2,0,2,0,0,0,0,0,0,0,0,0,0,0,0.02,0.46,0.54,1.59,0.01,0.83,0.37,0.85,1.91,0,0.95,0,1,2.01,0,1
144,postgresql-cluster,204,32,0,144,102,42,11.46,12.47,5.06,1,69,0.08,0.17,0,4,0,58,0,3,0,3,0,3,0,0,0,0,0,0,0,0,0,0,0,0.03,0.46,0.54,1.59,0.01,0.83,0.37,0.85,1.91,0,0.95,0,1,2.01,0,1
145,postgresql-cluster,148,28,0,126,102,24,14.28,18.62,4.38,2,88,0.18,0.14,8,9,0,15,0,8,0,4,4,4,0,0,0,0,0,0,0,0,0,0,0,0.08,0.46,0.54,1.39,0,0.77,0.37,0.85,1.91,0,0.95,0,1,2.01,0,1
146,postgresql-cluster,166,18,0,126,102,24,14.3,19.11,4.67,5,88,0.19,0.25,10,10,0,15,0,9,0,4,5,4,0,0,0,0,0,0,0,0,0,0,0,0.08,0.46,0.54,1.39,0,0.77,0.37,0.85,1.91,0,0.95,0,1,2.01,0,1
147,postgresql-cluster,46,4,0,140,98,42,54.96,75.5,28,2,87,0.05,0.09,11,0,0,14,0,3,0,0,3,0,0,2,0,0,0,0,0,0,0,0,0,0.07,0.46,0.54,1.55,0,0.82,0.37,0.85,1.89,0,0.95,0,1,2.01,0,1
148,postgresql-cluster,5,4,0,118,98,20,47.06,63.5,17,2,18,0.05,0.09,2,0,0,4,0,1,0,0,1,0,0,0,0,0,0,0,0,0,0,0,0,0.2,0.46,0.54,1.3,0.01,0.74,0.37,0.85,1.62,0,0.84,0,1,2.01,0,1
149,postgresql-cluster,35,35,0,110,97,13,55.5,98,13,1,50,0,0,9,2,0,8,0,4,1,0,4,0,0,0,0,0,0,0,0,0,0,0,0,0.11,0.46,0.54,1.22,0,0.72,0.37,0.85,1.82,0,0.91,0,1,2.01,0,1
150,postgresql-cluster,98,4,0,140,98,42,19.15,25.83,9.5,1,87,0.07,0.07,14,3,0,18,0,5,0,1,4,1,0,4,0,0,0,0,0,0,0,0,0,0.06,0.46,0.54,1.55,0,0.82,0.37,0.85,1.93,0,0.96,0,1,2.01,0,1
151,postgresql-cluster,98,2,0,140,98,42,19.16,25.43,9.14,1,87,0.1,0.18,14,3,0,18,0,5,0,1,4,1,0,4,0,0,0,0,0,0,0,0,0,0.06,0.46,0.54,1.55,0,0.82,0.37,0.85,1.93,0,0.96,0,1,2.01,0,1
152,postgresql-cluster,98,4,0,140,98,42,19.14,22.5,8.38,1,87,0.14,0.27,14,3,0,18,0,5,0,1,4,1,0,4,0,0,0,0,0,0,0,0,0,0.06,0.46,0.54,1.55,0,0.82,0.37,0.85,1.93,0,0.96,0,1,2.01,0,1
153,postgresql-cluster,11,2,0,46,32,14,41.25,40,15,1,88,0,0,0,0,0,7,0,1,0,0,0,1,0,0,0,0,0,0,0,0,0,0,0,0.09,0.46,0.54,0.51,0,0.57,0.37,0.85,1.73,0,0.88,0,1,2.01,0,1
154,postgresql-cluster,58,58,0,110,97,13,55.5,98,13,1,44,0,0,1,2,0,16,0,3,0,2,1,2,0,0,0,0,0,0,0,0,0,0,0,0.09,0.46,0.54,1.22,0,0.72,0.37,0.85,1.89,0,0.95,0,1,2.01,0,1
155,postgresql-cluster,62,6,0,110,97,13,54.56,33.33,5,1,44,0.07,0.07,1,2,0,17,0,3,0,2,1,2,0,0,0,0,0,0,0,0,0,0,0,0.08,0.46,0.54,1.23,0,0.72,0.37,0.85,1.89,0,0.95,0,1,2.01,0,1
156,postgresql-cluster,62,4,0,110,97,13,54.1,25.25,4,1,44,0.1,0.18,1,2,0,17,0,3,0,2,1,2,0,0,0,0,0,0,0,0,0,0,0,0.08,0.46,0.54,1.24,0,0.72,0.37,0.85,1.89,0,0.95,0,1,2.01,0,1
157,postgresql-cluster,67,15,0,110,97,13,53.9,26,3.4,1,44,0.14,0.27,0,2,0,28,0,2,0,2,0,2,0,0,0,0,0,0,0,0,0,0,0,0.06,0.46,0.54,1.24,0,0.72,0.37,0.85,1.89,0,0.95,0,1,2.01,0,1
158,postgresql-cluster,104,2,0,140,98,42,54.96,75.5,28,1,87,0.05,0.09,6,7,0,16,0,6,0,4,2,4,0,2,0,0,0,0,0,0,0,0,0,0.1,0.46,0.54,1.55,0,0.82,0.37,0.85,1.89,0,0.95,0,1,2.01,0,1
159,postgresql-cluster,81,6,0,111,97,14,6.25,8.93,1.36,3,71,0.15,0.25,17,1,0,8,0,9,1,0,9,0,0,4,0,0,0,0,0,0,0,0,0,0.11,0.46,0.54,1.23,0,0.72,0.37,0.85,1.91,0,0.95,0,1,2.01,0,1
160,postgresql-cluster,103,42,0,111,97,14,6.25,8.47,1.27,4,71,0.2,0.33,17,1,0,9,0,9,1,0,9,0,0,4,0,0,0,0,0,0,0,0,0,0.09,0.46,0.54,1.23,0,0.72,0.37,0.85,1.91,0,0.95,0,1,2.01,0,1
161,postgresql-cluster,51,52,0,111,97,14,6.25,8.06,1.19,4,71,0.2,0.36,12,1,0,11,0,4,1,0,4,0,0,4,0,0,0,0,0,0,0,0,0,0.08,0.46,0.54,1.23,0,0.72,0.37,0.85,1.91,0,0.95,0,1,2.01,0,1
162,postgresql-cluster,51,4,0,114,97,17,6.25,8.06,1.47,4,74,0.19,0.36,12,1,0,11,0,4,1,0,4,0,0,4,0,0,0,0,0,0,0,0,0,0.08,0.47,0.53,1.25,0.03,0.73,0.37,0.85,1.91,0,0.95,0.22,0.98,2.01,0.03,1
163,postgresql-cluster,69,68,0,114,97,17,6.27,9.22,1.44,4,74,0.23,0.45,10,1,0,14,0,4,0,1,2,2,0,3,0,0,0,0,0,0,0,0,0,0.07,0.47,0.53,1.25,0.03,0.73,0.37,0.85,1.91,0,0.95,0.22,0.98,2.01,0.03,1
164,postgresql-cluster,59,8,0,130,102,28,29.37,37.25,10,1,88,0.05,0.07,0,2,0,47,0,1,0,1,0,1,0,0,0,0,0,0,0,0,0,0,0,0.03,0.46,0.54,1.44,0,0.78,0.37,0.85,1.87,0,0.93,0,1,2.01,0,1
165,postgresql-cluster,96,2,0,144,102,42,21.1,24.29,8.57,1,88,0.04,0.09,0,1,0,29,0,3,1,2,1,2,0,0,0,0,0,0,0,0,0,0,0,0.05,0.46,0.54,1.59,0.01,0.83,0.37,0.85,1.85,0,0.93,0,1,2.01,0,1
166,postgresql-cluster,38,38,0,110,97,13,55.5,98,13,3,76,0,0,22,0,0,17,0,2,0,0,2,0,0,0,0,0,0,0,0,0,0,0,0,0.05,0.46,0.54,1.22,0,0.72,0.37,0.85,1.89,0,0.94,0,1,2.01,0,1
167,postgresql-cluster,25,2,0,144,102,42,20.25,20.88,7.25,1,88,0.09,0.18,0,0,0,10,0,2,0,1,1,1,0,0,0,0,0,0,0,0,0,0,0,0.12,0.46,0.54,1.59,0.01,0.83,0.37,0.85,1.88,0,0.94,0,1,2.01,0,1
168,postgresql-cluster,139,15,0,144,102,42,23.97,28.17,9.5,2,88,0.09,0.14,12,0,0,24,0,6,0,2,4,2,0,6,0,0,0,0,0,0,0,0,0,0.06,0.46,0.54,1.59,0.01,0.83,0.37,0.85,1.92,0,0.96,0,1,2.01,0,1
169,postgresql-cluster,1025,28,2,146,102,44,4.48,4.16,1.83,3,90,0.24,0.29,51,35,0,30,0,31,0,17,14,17,0,12,0,0,0,0,2,0,0,0,0,0.05,0.46,0.54,1.61,0.01,0.84,0.37,0.85,1.98,0,0.99,0,1,2.01,0,1
170,postgresql-cluster,1049,24,2,146,102,44,4.48,4.14,1.86,4,90,0.23,0.36,51,41,0,31,0,31,0,17,14,17,0,12,0,0,0,0,2,0,0,0,0,0.05,0.46,0.54,1.61,0.01,0.84,0.37,0.85,1.98,0,0.99,0,1,2.01,0,1
171,postgresql-cluster,1033,76,2,146,102,44,4.49,4.39,1.92,5,90,0.24,0.55,51,39,0,30,0,31,0,17,14,17,0,12,0,0,0,0,2,0,0,0,0,0.05,0.46,0.54,1.61,0.01,0.84,0.37,0.85,1.98,0,0.99,0,1,2.01,0,1
172,postgresql-cluster,1033,32,2,149,102,47,4.49,4.45,1.98,5,93,0.24,0.55,51,39,0,30,0,31,0,17,14,17,0,12,0,0,0,0,2,0,0,0,0,0.05,0.47,0.53,1.62,0.04,0.84,0.37,0.85,1.98,0,0.99,0.22,0.98,2.01,0.03,1
173,postgresql-cluster,1033,10,2,149,102,47,4.49,4.84,1.97,5,93,0.28,0.64,46,39,0,30,0,31,0,17,13,18,0,10,0,0,0,0,2,0,0,0,0,0.05,0.47,0.53,1.62,0.04,0.84,0.37,0.85,1.98,0,0.99,0.22,0.98,2.01,0.03,1
174,postgresql-cluster,82,4,0,111,97,14,7.86,11.6,1.9,2,72,0.12,0.12,28,0,0,10,0,7,0,1,6,1,0,8,0,0,0,0,0,0,0,0,0,0.1,0.46,0.54,1.23,0,0.72,0.37,0.85,1.9,0,0.95,0,1,2.01,0,1
175,postgresql-cluster,76,14,1,111,97,14,7.86,10.82,2.09,3,72,0.15,0.21,23,0,0,9,0,7,0,1,6,1,0,6,0,0,0,0,1,0,0,0,0,0.11,0.46,0.54,1.26,0,0.73,0.37,0.85,1.9,0,0.95,0,1,2.01,0,1
176,postgresql-cluster,76,2,1,112,97,15,7.86,10.33,2.17,3,73,0.13,0.27,23,0,0,9,0,7,0,1,6,1,0,6,0,0,0,0,1,0,0,0,0,0.11,0.46,0.54,1.26,0.01,0.73,0.37,0.85,1.9,0,0.95,0.13,1,2.01,0.01,1
177,postgresql-cluster,76,8,1,114,97,17,7.87,10.15,2.46,3,75,0.13,0.27,23,0,0,9,0,7,0,1,6,1,0,6,0,0,0,0,1,0,0,0,0,0.11,0.47,0.53,1.27,0.03,0.73,0.37,0.85,1.9,0,0.95,0.22,0.98,2.01,0.03,1
178,postgresql-cluster,79,8,1,136,100,36,11.91,12.85,5.23,2,48,0.05,0.07,20,1,0,8,0,8,1,1,7,1,0,6,0,0,0,0,1,0,0,0,0,0.11,0.46,0.54,1.5,0.01,0.8,0.37,0.85,1.94,0,0.97,0,1,2.01,0,1
179,postgresql-cluster,79,6,1,136,100,36,11.92,13.57,5.36,2,48,0.08,0.18,20,1,0,8,0,8,1,1,7,1,0,6,0,0,0,0,1,0,0,0,0,0.11,0.46,0.54,1.5,0.01,0.8,0.37,0.85,1.94,0,0.97,0,1,2.01,0,1
180,postgresql-cluster,79,6,1,136,100,36,11.93,14.6,5.07,2,48,0.12,0.27,20,1,0,8,0,8,1,1,7,1,0,6,0,0,0,0,1,0,0,0,0,0.11,0.46,0.54,1.5,0.01,0.8,0.37,0.85,1.94,0,0.97,0,1,2.01,0,1
181,postgresql-cluster,61,4,0,140,98,42,54.96,75.5,28,2,53,0.05,0.09,5,4,0,10,0,5,0,2,3,2,0,2,0,0,0,0,0,0,0,0,0,0.11,0.46,0.54,1.55,0,0.82,0.37,0.85,1.89,0,0.95,0,1,2.01,0,1
182,postgresql-cluster,61,2,0,140,98,42,54.74,51,19.67,2,53,0.11,0.18,5,4,0,10,0,5,0,2,3,2,0,2,0,0,0,0,0,0,0,0,0,0.11,0.46,0.54,1.55,0,0.82,0.37,0.85,1.89,0,0.95,0,1,2.01,0,1
183,postgresql-cluster,64,9,0,140,98,42,54.63,45.5,15,4,53,0.1,0.18,6,4,0,11,0,5,0,2,3,2,0,2,0,0,0,0,0,0,0,0,0,0.11,0.46,0.54,1.55,0,0.82,0.37,0.85,1.89,0,0.95,0,1,2.01,0,1
184,postgresql-cluster,77,4,0,134,99,35,35.08,41.67,16.33,2,49,0.04,0.09,16,3,0,8,0,9,1,0,7,2,0,4,0,0,0,0,0,0,0,0,0,0.12,0.46,0.54,1.48,0.01,0.79,0.37,0.85,1.85,0,0.93,0,1,2.01,0,1
185,postgresql-cluster,99,22,0,134,99,35,35.07,37.5,14,3,49,0.08,0.18,22,3,0,7,0,12,1,0,10,2,0,4,0,0,0,0,0,0,0,0,0,0.12,0.47,0.52,1.52,0.05,0.81,0.37,0.85,1.85,0,0.93,0,1,2.01,0,1
186,postgresql-cluster,131,16,0,144,102,42,28.38,32.8,12,1,70,0.05,0.07,14,4,0,17,0,7,0,3,4,3,0,5,0,0,0,0,0,0,0,0,0,0.08,0.46,0.54,1.59,0.01,0.83,0.37,0.85,1.91,0,0.95,0,1,2.01,0,1
187,postgresql-cluster,131,4,0,144,102,42,28.38,31.17,11.17,1,70,0.08,0.18,14,4,0,17,0,7,0,3,4,3,0,5,0,0,0,0,0,0,0,0,0,0.08,0.46,0.54,1.59,0.01,0.83,0.37,0.85,1.91,0,0.95,0,1,2.01,0,1
188,postgresql-cluster,317,14,12,140,98,42,37.62,51.33,18.67,3,87,0.05,0.09,40,10,0,9,0,29,3,2,27,2,0,14,0,0,0,0,4,0,0,0,8,0.1,0.46,0.54,1.55,0,0.82,0.37,0.85,1.91,0,0.95,0,1,2.01,0,1
189,postgresql-cluster,73,73,0,110,97,13,55.5,98,13,2,75,0,0,0,1,0,29,0,2,0,2,0,2,0,0,0,0,0,0,0,0,0,0,0,0.05,0.46,0.54,1.22,0,0.72,0.37,0.85,1.91,0,0.95,0,1,2.01,0,1
190,postgresql-cluster,89,16,0,110,97,13,55.12,54.5,7,2,75,0.17,0.07,0,5,0,37,0,2,0,2,0,2,0,0,0,0,0,0,0,0,0,0,0,0.04,0.46,0.54,1.22,0,0.72,0.37,0.85,1.91,0,0.95,0,1,2.01,0,1
191,postgresql-cluster,66,66,0,110,97,13,55.5,98,13,1,75,0,0,1,3,0,9,0,5,3,1,4,1,0,0,0,0,0,0,0,0,0,0,0,0.09,0.46,0.54,1.22,0,0.72,0.37,0.85,1.77,0,0.89,0,1,2.01,0,1
192,postgresql-cluster,42,4,0,140,98,42,54.96,75.5,28,2,87,0.05,0.09,11,1,0,12,0,3,0,0,3,0,0,5,0,0,0,0,0,0,0,0,0,0.07,0.46,0.54,1.55,0,0.82,0.37,0.85,1.89,0,0.95,0,1,2.01,0,1
193,postgresql-cluster,53,2,0,144,102,42,32.12,35,14,2,70,0.04,0.09,0,1,0,43,0,1,0,1,0,1,0,0,0,0,0,0,0,0,0,0,0,0.04,0.46,0.54,1.59,0.01,0.83,0.37,0.85,1.92,0,0.96,0,1,2.01,0,1
194,postgresql-cluster,84,10,0,140,98,42,36.97,50.67,18.67,1,87,0.05,0.09,16,0,0,15,0,5,0,1,4,1,0,4,0,0,0,0,0,0,0,0,0,0.07,0.46,0.54,1.55,0,0.82,0.37,0.85,1.9,0,0.95,0,1,2.01,0,1
195,postgresql-cluster,84,2,0,140,98,42,36.95,45.25,14.25,1,87,0.1,0.18,14,0,0,15,0,5,0,1,3,2,0,3,0,0,0,0,0,0,0,0,0,0.07,0.46,0.54,1.55,0,0.82,0.37,0.85,1.9,0,0.95,0,1,2.01,0,1
196,postgresql-cluster,512,40,0,144,102,42,12.28,12.93,5,2,88,0.14,0.21,26,13,0,26,0,18,0,10,8,10,0,5,0,0,0,0,0,0,0,0,0,0.05,0.46,0.54,1.59,0.01,0.83,0.37,0.85,1.97,0,0.98,0,1,2.01,0,1
197,postgresql-cluster,519,11,0,144,102,42,12.29,13.56,5.12,2,88,0.17,0.29,26,13,0,26,0,18,0,10,8,10,0,5,0,0,0,0,0,0,0,0,0,0.05,0.46,0.54,1.59,0.01,0.83,0.37,0.85,1.97,0,0.98,0,1,2.01,0,1
198,postgresql-cluster,519,14,0,145,102,43,12.29,13.06,5,2,89,0.2,0.45,21,13,0,26,0,18,0,10,7,11,0,5,0,0,0,0,0,0,0,0,0,0.05,0.46,0.54,1.59,0.02,0.83,0.37,0.85,1.97,0,0.98,0.13,1,2.01,0.01,1
199,postgresql-cluster,36,36,0,110,97,13,55.5,98,13,1,52,0,0,1,2,0,13,0,2,0,1,1,1,0,0,0,0,0,0,0,0,0,0,0,0.08,0.46,0.54,1.22,0,0.72,0.37,0.85,1.77,0,0.89,0,1,2.01,0,1
200,postgresql-cluster,42,42,0,110,97,13,55.5,98,13,1,50,0,0,0,1,0,11,0,3,1,2,1,2,0,0,0,0,0,0,0,0,0,0,0,0.12,0.46,0.54,1.22,0,0.72,0.37,0.85,1.77,0,0.89,0,1,2.01,0,1
201,postgresql-cluster,11,11,0,110,97,13,55.5,98,13,1,8,0,0,5,0,0,9,0,1,0,0,1,0,0,2,0,0,0,0,0,0,0,0,0,0.09,0.46,0.54,1.22,0,0.72,0.37,0.85,1.65,0,0.85,0,1,2.01,0,1
202,postgresql-cluster,11,2,0,111,97,14,55.08,51.5,8,1,9,0.07,0.09,5,0,0,9,0,1,0,0,1,0,0,2,0,0,0,0,0,0,0,0,0,0.09,0.46,0.54,1.22,0.01,0.72,0.37,0.85,1.65,0,0.85,0.13,1,2.01,0.01,1
203,postgresql-cluster,20,2,0,111,97,14,30.18,49.5,8.5,1,88,0.05,0.09,5,0,0,16,0,1,0,0,1,0,0,1,0,0,0,0,0,0,0,0,0,0.05,0.46,0.54,1.23,0,0.72,0.37,0.85,1.86,0,0.93,0,1,2.01,0,1
204,postgresql-cluster,89,6,0,132,99,33,25.4,31.25,11.25,1,8,0.05,0.06,6,5,0,18,0,5,0,2,3,2,0,4,0,0,0,0,0,0,0,0,0,0.08,0.46,0.54,1.46,0,0.79,0.37,0.85,1.92,0,0.96,0,1,2.01,0,1
205,postgresql-cluster,93,4,0,132,99,33,25.35,25.6,9.8,1,8,0.1,0.14,6,6,0,18,0,5,0,2,3,2,0,4,0,0,0,0,0,0,0,0,0,0.08,0.46,0.54,1.47,0,0.79,0.37,0.85,1.92,0,0.96,0,1,2.01,0,1
206,postgresql-cluster,93,2,0,132,99,33,25.36,25.17,9.33,1,8,0.12,0.27,6,6,0,18,0,5,0,2,3,2,0,4,0,0,0,0,0,0,0,0,0,0.08,0.46,0.54,1.47,0,0.79,0.37,0.85,1.92,0,0.96,0,1,2.01,0,1
207,postgresql-cluster,73,4,0,140,98,42,54.96,75.5,28,3,53,0.07,0.07,4,6,0,22,0,3,0,1,2,1,0,0,0,0,0,0,0,0,0,0,0,0.05,0.46,0.54,1.55,0,0.82,0.37,0.85,1.92,0,0.96,0,1,2.01,0,1
208,postgresql-cluster,73,2,0,140,98,42,54.85,58,21,4,53,0.1,0.18,4,6,0,22,0,3,0,1,2,1,0,0,0,0,0,0,0,0,0,0,0,0.05,0.46,0.54,1.55,0,0.82,0.37,0.85,1.92,0,0.96,0,1,2.01,0,1
209,postgresql-cluster,262,8,0,129,102,27,8.95,11.69,2.62,1,72,0.06,0.07,6,5,0,28,0,8,1,5,3,5,0,2,0,0,0,0,0,0,0,0,0,0.05,0.46,0.54,1.43,0,0.78,0.37,0.85,1.94,0,0.97,0,1,2.01,0,1
210,postgresql-cluster,262,2,0,129,102,27,8.97,12.5,2.93,1,72,0.1,0.18,6,5,0,28,0,8,1,5,3,5,0,2,0,0,0,0,0,0,0,0,0,0.05,0.46,0.54,1.43,0,0.78,0.37,0.85,1.94,0,0.97,0,1,2.01,0,1
211,postgresql-cluster,262,4,0,129,102,27,8.98,13.6,2.8,1,72,0.14,0.27,6,5,0,28,0,8,1,5,3,5,0,2,0,0,0,0,0,0,0,0,0,0.05,0.46,0.54,1.43,0,0.78,0.37,0.85,1.94,0,0.97,0,1,2.01,0,1
212,postgresql-cluster,268,6,1,129,102,27,9,14.31,3.06,1,72,0.12,0.27,6,5,0,26,0,9,1,5,4,5,0,2,0,0,0,0,1,0,0,0,0,0.05,0.47,0.52,1.44,0.05,0.78,0.37,0.85,1.94,0,0.97,0,1,2.01,0,1
213,postgresql-cluster,15,2,0,73,39,34,33.74,24.67,18.67,1,69,0.04,0.09,0,0,0,15,0,1,0,0,0,1,0,0,0,0,0,0,0,0,0,0,0,0.07,0.46,0.54,0.81,0,0.63,0.37,0.85,1.62,0,0.84,0,1,2.01,0,1
214,postgresql-cluster,24,2,0,47,32,15,12.03,11.25,4.25,1,88,0.11,0.18,0,0,0,20,0,1,0,0,0,1,0,0,0,0,0,0,0,0,0,0,0,0.04,0.46,0.54,0.52,0,0.57,0.37,0.85,1.76,0,0.89,0,1,2.01,0,1
215,postgresql-cluster,56,56,0,110,97,13,55.5,98,13,1,52,0,0,5,0,0,7,0,5,0,0,5,0,0,0,0,0,0,0,0,0,0,0,0,0.09,0.46,0.54,1.22,0,0.72,0.37,0.85,1.88,0,0.94,0,1,2.01,0,1
216,postgresql-cluster,49,8,0,140,98,42,54.96,75.5,28,1,87,0.05,0.09,0,0,0,21,0,2,0,2,0,2,0,0,0,0,0,0,0,0,0,0,0,0.08,0.46,0.54,1.55,0,0.82,0.37,0.85,1.89,0,0.94,0,1,2.01,0,1
217,postgresql-cluster,16,16,0,110,97,13,55.5,98,13,3,49,0,0,11,0,0,15,0,1,0,0,1,0,0,0,0,0,0,0,0,0,0,0,0,0.06,0.46,0.54,1.22,0,0.72,0.37,0.85,1.87,0,0.93,0,1,2.01,0,1
218,postgresql-cluster,197,4,7,140,98,42,54.96,75.5,28,2,88,0.05,0.09,7,12,0,11,0,15,0,2,13,2,0,2,0,0,0,0,2,0,0,0,5,0.09,0.46,0.54,1.55,0,0.82,0.37,0.85,1.9,0,0.95,0,1,2.01,0,1
219,postgresql-cluster,196,21,7,140,98,42,54.85,60,19,4,88,0.1,0.18,5,12,0,11,0,15,0,2,10,5,0,0,0,0,0,0,2,0,0,0,5,0.09,0.46,0.54,1.55,0,0.82,0.37,0.85,1.9,0,0.95,0,1,2.01,0,1
220,postgresql-cluster,69,2,0,131,99,32,12.27,14.67,5.22,1,88,0.08,0.18,1,2,0,14,0,4,1,2,2,2,0,0,0,0,0,0,0,0,0,0,0,0.09,0.46,0.54,1.45,0,0.78,0.37,0.85,1.9,0,0.95,0,1,2.01,0,1
221,postgresql-cluster,69,2,0,131,99,32,12.29,16.1,4.8,1,88,0.12,0.27,1,2,0,14,0,4,1,2,2,2,0,0,0,0,0,0,0,0,0,0,0,0.09,0.46,0.54,1.45,0,0.78,0.37,0.85,1.9,0,0.95,0,1,2.01,0,1
222,postgresql-cluster,24,2,0,110,97,13,28.74,50,6.5,1,48,0.17,0.09,0,0,0,19,0,1,0,1,0,1,0,0,0,0,0,0,0,0,0,0,0,0.08,0.46,0.54,1.22,0,0.72,0.37,0.85,1.87,0,0.93,0,1,2.01,0,1
223,postgresql-cluster,52,4,0,140,98,42,54.96,75.5,28,1,87,0.07,0.07,31,1,0,9,0,5,0,0,5,0,0,0,0,0,0,0,0,0,0,0,0,0.1,0.46,0.54,1.55,0,0.82,0.37,0.85,1.85,0,0.93,0,1,2.01,0,1
224,postgresql-cluster,24,3,0,47,32,15,22.58,21.5,8,1,88,0.07,0.06,12,0,0,20,0,1,0,0,1,0,0,0,0,0,0,0,0,0,0,0,0,0.04,0.46,0.54,0.52,0,0.57,0.37,0.85,1.74,0,0.88,0,1,2.01,0,1
225,postgresql-cluster,24,2,0,47,32,15,22.49,14.67,5.67,1,88,0.11,0.18,0,0,0,20,0,1,0,0,0,1,0,0,0,0,0,0,0,0,0,0,0,0.04,0.46,0.54,0.52,0,0.57,0.37,0.85,1.74,0,0.88,0,1,2.01,0,1
226,postgresql-cluster,143,4,0,140,98,42,54.96,75.5,28,2,87,0.07,0.07,13,13,0,13,0,10,2,1,9,1,0,4,0,0,0,0,0,0,0,0,0,0.08,0.46,0.54,1.55,0,0.82,0.37,0.85,1.92,0,0.96,0,1,2.01,0,1
227,postgresql-cluster,143,2,0,140,98,42,54.85,58,21,3,87,0.1,0.18,13,13,0,13,0,10,2,1,9,1,0,4,0,0,0,0,0,0,0,0,0,0.08,0.46,0.54,1.55,0,0.82,0.37,0.85,1.92,0,0.96,0,1,2.01,0,1
228,postgresql-cluster,143,2,0,140,98,42,54.74,50.75,16,3,87,0.14,0.27,12,13,0,13,0,10,2,1,8,2,0,4,0,0,0,0,0,0,0,0,0,0.08,0.46,0.54,1.55,0,0.82,0.37,0.85,1.92,0,0.96,0,1,2.01,0,1
229,postgresql-cluster,44,44,0,110,97,13,55.5,98,13,2,50,0,0,9,2,0,10,0,4,1,0,4,0,0,1,0,0,0,0,0,0,0,0,0,0.09,0.46,0.54,1.22,0,0.72,0.37,0.85,1.9,0,0.95,0,1,2.01,0,1
230,postgresql-cluster,124,8,0,140,98,42,28.71,39,14,1,21,0.07,0.07,17,4,0,12,0,9,0,2,7,2,1,4,0,0,0,0,0,0,0,0,0,0.1,0.46,0.54,1.55,0,0.82,0.37,0.85,1.94,0,0.97,0,1,2.01,0,1
231,postgresql-cluster,124,2,0,140,98,42,28.71,35.8,12.6,1,21,0.1,0.18,17,4,0,12,0,9,0,2,7,2,1,4,0,0,0,0,0,0,0,0,0,0.1,0.46,0.54,1.55,0,0.82,0.37,0.85,1.94,0,0.97,0,1,2.01,0,1
232,postgresql-cluster,83,4,5,140,98,42,28.71,38.5,14.5,1,101,0.07,0.07,1,3,0,8,0,8,0,1,7,1,0,0,0,0,0,0,2,0,1,0,2,0.11,0.46,0.54,1.55,0,0.82,0.37,0.85,1.92,0,0.96,0,1,2.01,0,1
233,postgresql-cluster,25,25,0,110,97,13,55.5,98,13,3,75,0,0,4,0,0,5,0,4,2,0,4,0,0,0,0,0,0,0,0,0,0,0,0,0.16,0.46,0.54,1.22,0,0.72,0.37,0.85,1.79,0,0.9,0,1,2.01,0,1
234,postgresql-cluster,33,8,0,110,97,13,55.12,54.5,7,4,75,0.17,0.07,4,2,0,7,0,4,2,0,4,0,0,0,0,0,0,0,0,0,0,0,0,0.12,0.46,0.54,1.22,0,0.72,0.37,0.85,1.79,0,0.9,0,1,2.01,0,1
235,postgresql-cluster,21,2,1,140,98,42,54.96,75.5,28,3,31,0.05,0.09,2,0,0,6,0,3,0,0,2,1,0,0,0,0,0,0,0,0,0,0,1,0.14,0.46,0.54,1.55,0,0.82,0.37,0.85,1.81,0,0.91,0,1,2.01,0,1
236,postgresql-cluster,23,23,1,110,97,13,55.5,98,13,1,75,0,0,2,2,0,6,0,3,1,0,3,0,0,0,0,0,0,0,0,0,0,0,1,0.13,0.46,0.54,1.22,0,0.72,0.37,0.85,1.76,0,0.89,0,1,2.01,0,1
237,postgresql-cluster,102,2,0,140,98,42,37.95,51,19.33,1,87,0.05,0.09,19,3,0,8,0,11,0,0,11,0,0,5,0,0,0,0,0,0,0,0,0,0.11,0.46,0.54,1.55,0,0.82,0.37,0.85,1.9,0,0.95,0,1,2.01,0,1
238,postgresql-cluster,102,6,0,140,98,42,37.92,45.5,14.75,1,87,0.1,0.18,14,3,0,8,0,11,0,0,8,3,0,3,0,0,0,0,0,0,0,0,0,0.11,0.46,0.54,1.55,0,0.82,0.37,0.85,1.9,0,0.95,0,1,2.01,0,1
239,postgresql-cluster,36,36,0,110,97,13,55.5,98,13,1,52,0,0,0,2,0,15,0,2,0,2,0,2,0,0,0,0,0,0,0,0,0,0,0,0.11,0.46,0.54,1.22,0,0.72,0.37,0.85,1.81,0,0.91,0,1,2.01,0,1
240,postgresql-cluster,25,25,0,110,97,13,55.5,98,13,2,75,0,0,4,0,0,5,0,4,2,0,4,0,0,0,0,0,0,0,0,0,0,0,0,0.16,0.46,0.54,1.22,0,0.72,0.37,0.85,1.74,0,0.88,0,1,2.01,0,1
241,postgresql-cluster,33,8,0,110,97,13,55.12,54.5,7,3,75,0.17,0.07,4,2,0,7,0,4,2,0,4,0,0,0,0,0,0,0,0,0,0,0,0,0.12,0.46,0.54,1.22,0,0.72,0.37,0.85,1.74,0,0.88,0,1,2.01,0,1
242,postgresql-cluster,46,6,0,140,98,42,54.96,75.5,28,2,57,0.05,0.09,1,1,0,10,0,4,0,0,1,3,0,0,0,0,0,0,0,0,0,0,0,0.09,0.46,0.54,1.55,0,0.82,0.37,0.85,1.89,0,0.94,0,1,2.01,0,1
243,postgresql-cluster,92,4,0,144,102,42,34.74,41,14.25,2,88,0.05,0.07,19,1,0,12,0,7,0,1,6,1,0,4,0,0,0,0,0,0,0,0,0,0.09,0.46,0.54,1.59,0.01,0.83,0.37,0.85,1.93,0,0.96,0,1,2.01,0,1
244,postgresql-cluster,99,11,0,144,102,42,34.73,37.4,12.8,2,88,0.09,0.14,19,1,0,12,0,7,0,1,6,1,0,4,0,0,0,0,0,0,0,0,0,0.08,0.46,0.54,1.59,0.01,0.83,0.37,0.85,1.93,0,0.96,0,1,2.01,0,1
245,postgresql-cluster,99,2,0,145,102,43,34.67,32,11.17,2,89,0.12,0.27,19,1,0,12,0,7,0,1,6,1,0,4,0,0,0,0,0,0,0,0,0,0.08,0.46,0.54,1.59,0.02,0.83,0.37,0.85,1.93,0,0.96,0.13,1,2.01,0.01,1
246,postgresql-cluster,99,4,0,145,102,43,34.66,31.57,9.71,2,89,0.16,0.36,12,1,0,12,0,7,0,1,4,3,0,4,0,0,0,0,0,0,0,0,0,0.08,0.46,0.54,1.59,0.02,0.83,0.37,0.85,1.93,0,0.96,0.13,1,2.01,0.01,1
247,postgresql-cluster,29,29,0,110,97,13,55.5,98,13,2,50,0,0,9,1,0,9,0,3,0,0,3,0,0,1,0,0,0,0,0,0,0,0,0,0.1,0.46,0.54,1.22,0,0.72,0.37,0.85,1.9,0,0.95,0,1,2.01,0,1
248,attack-range,5,1,4,240,113,127,93.75,79.5,107,10,138,0.03,0.25,0,0,0,1,0,4,0,0,4,0,0,0,0,0,0,0,0,0,0,4,0,0.8,0.61,0.58,1.5,0,0.8,0.47,0.61,0.73,0,0.61,0,1,2,0,1
249,attack-range,75,19,0,239,112,127,185.5,157,214,3,24,0.03,0.33,24,2,0,5,0,12,0,0,12,0,0,0,0,0,0,0,0,0,0,0,0,0.16,0.61,0.58,1.49,0,0.8,0.47,0.61,1.49,0,0.8,0,1,2,0,1
250,attack-range,43,5,13,261,126,135,36.91,22.75,33.12,1,164,0.03,0.03,0,0,0,3,0,13,0,0,13,0,0,0,0,0,0,0,0,0,0,13,0,0.3,0.61,0.58,1.63,0.02,0.84,0.47,0.61,1.48,0,0.79,0,1,2,0,1
251,attack-range,43,2,13,261,126,135,36.9,21,30,1,164,0.03,0.07,0,0,0,3,0,13,0,0,13,0,0,0,0,0,0,0,0,0,0,13,0,0.3,0.61,0.57,1.64,0.05,0.85,0.47,0.61,1.48,0,0.79,0,1,2,0,1
252,attack-range,43,2,13,261,126,135,36.88,19,27.1,1,164,0.03,0.08,0,0,0,3,0,13,0,0,13,0,0,0,0,0,0,0,0,0,0,13,0,0.3,0.61,0.57,1.64,0.05,0.85,0.47,0.61,1.48,0,0.79,0,1,2,0,1
253,attack-range,23,2,0,5,1,4,5.44,1.5,4,1,66,0.07,0.33,8,1,0,4,0,4,0,0,4,0,0,0,0,0,0,0,0,0,0,0,0,0.17,0.61,0.58,0.03,0,0.5,0.47,0.61,1.47,0,0.79,0,1,2,0,1
254,attack-range,27,4,0,8,4,4,5.44,2.33,3.67,1,69,0.13,0.67,10,1,0,4,0,5,0,0,5,0,0,0,0,0,0,0,0,0,0,0,0,0.19,0.61,0.57,0.06,0.02,0.5,0.47,0.61,1.47,0,0.79,0.17,0.99,2,0.01,1
255,attack-range,45,4,0,15,5,10,17.54,6,12,1,96,0,0,12,0,0,5,0,8,3,0,8,0,0,3,0,0,0,0,0,0,0,0,0,0.18,0.61,0.58,0.09,0,0.51,0.47,0.61,1.56,0,0.82,0,1,2,0,1
256,attack-range,45,4,0,15,5,10,17.53,6.5,8.5,1,96,0.04,0.07,12,0,0,5,0,8,3,0,8,0,0,3,0,0,0,0,0,0,0,0,0,0.18,0.61,0.57,0.15,0.03,0.52,0.47,0.61,1.56,0,0.82,0,1,2,0,1
257,attack-range,46,5,0,15,5,10,17.46,4,5.75,1,96,0.04,0.07,12,0,0,5,0,8,3,0,8,0,0,3,0,0,0,0,0,0,0,0,0,0.17,0.61,0.56,0.2,0.05,0.52,0.47,0.61,1.56,0,0.82,0,1,2,0,1
258,attack-range,16,6,0,243,115,128,107.58,81,120,3,39,0.03,0.25,0,0,0,4,0,4,4,0,4,0,0,0,0,0,0,0,0,0,0,0,0,0.25,0.61,0.58,1.52,0,0.81,0.47,0.61,1.46,0,0.79,0,1,2,0,1
259,attack-range,7,2,2,239,112,127,185.5,157,214,5,145,0.03,0.25,0,0,0,2,0,3,1,0,3,0,0,0,0,0,0,0,0,0,0,2,0,0.43,0.61,0.58,1.49,0,0.8,0.47,0.61,1.55,0,0.81,0,1,2,0,1
260,attack-range,21,4,0,239,112,127,185.5,157,214,4,55,0.03,0.08,6,2,0,7,0,3,1,0,3,0,0,0,0,0,0,0,0,0,0,0,0,0.14,0.61,0.58,1.49,0,0.8,0.47,0.61,1.7,0,0.87,0,1,2,0,1
261,attack-range,36,15,0,240,113,127,185.03,81,109.5,4,55,0.06,0.29,12,3,0,8,0,4,1,0,4,0,0,0,0,0,0,0,0,0,0,0,0,0.11,0.61,0.58,1.5,0.01,0.8,0.47,0.61,1.7,0,0.87,0.1,1,2,0,1
262,attack-range,14,8,5,239,112,127,185.5,157,214,8,92,0.03,0.03,0,0,0,2,0,5,0,0,5,0,0,0,0,0,0,0,0,0,0,5,0,0.36,0.61,0.58,1.49,0,0.8,0.47,0.61,0.57,0,0.58,0,1,2,0,1
263,attack-range,14,5,0,239,112,127,185.5,157,214,3,11,0.03,0.25,2,1,0,3,0,3,1,0,3,0,0,0,0,0,0,0,0,0,0,0,0,0.21,0.61,0.58,1.49,0,0.8,0.47,0.61,1.38,0,0.76,0,1,2,0,1
264,attack-range,6,1,0,239,112,127,185.5,157,214,1,72,0.03,0.07,1,0,0,4,0,1,0,0,1,0,0,0,0,0,0,0,0,0,0,0,0,0.17,0.61,0.58,1.49,0,0.8,0.47,0.61,1.31,0,0.74,0,1,2,0,1
265,attack-range,20,2,0,15,5,10,17.54,6,12,3,123,0,0,5,0,0,4,0,4,1,0,4,0,0,2,0,0,0,0,0,0,0,0,0,0.2,0.61,0.58,0.09,0,0.51,0.47,0.61,1.44,0,0.78,0,1,2,0,1
266,attack-range,20,6,0,15,5,10,17.5,4,6,3,123,0,0,5,0,0,4,0,4,1,0,4,0,0,2,0,0,0,0,0,0,0,0,0,0.2,0.61,0.58,0.09,0,0.51,0.47,0.61,1.44,0,0.78,0,1,2,0,1
267,attack-range,20,6,0,17,6,11,17.42,3,3.25,3,123,0.11,0.25,5,0,0,4,0,4,1,0,4,0,0,2,0,0,0,0,0,0,0,0,0,0.2,0.61,0.58,0.11,0.01,0.51,0.47,0.61,1.44,0,0.78,0.14,0.99,2,0.01,1
268,attack-range,9,6,0,239,112,127,185.5,157,214,9,46,0.03,0.03,0,0,0,4,0,2,1,0,2,0,0,0,0,0,0,0,0,0,0,0,0,0.22,0.61,0.58,1.49,0,0.8,0.47,0.61,1.38,0,0.76,0,1,2,0,1
269,attack-range,89,141,0,245,112,133,79.96,56.67,86,2,117,0.03,0.08,4,0,0,4,0,6,4,0,6,0,0,3,0,0,0,0,0,0,0,0,0,0.07,0.61,0.58,1.53,0,0.81,0.47,0.61,1.54,0,0.81,0,1,2,0,1
270,attack-range,20,11,0,244,112,132,79.96,57.67,85,3,49,0.03,0.03,11,0,0,10,0,2,0,0,2,0,0,1,0,0,0,0,0,0,0,0,0,0.1,0.61,0.58,1.53,0,0.81,0.47,0.61,1.62,0,0.84,0,1,2,0,1
271,attack-range,7,2,2,239,112,127,185.5,157,214,6,149,0.03,0.25,0,0,0,2,0,3,1,0,3,0,0,0,0,0,0,0,0,0,0,2,0,0.43,0.61,0.58,1.49,0,0.8,0.47,0.61,1.55,0,0.81,0,1,2,0,1
272,attack-range,87,1,0,239,112,127,185.5,157,214,3,63,0.03,0.14,0,0,0,3,0,21,0,0,21,0,0,0,0,0,0,0,0,0,0,0,0,0.24,0.61,0.58,1.49,0,0.8,0.47,0.61,1.37,0,0.76,0,1,2,0,1
273,attack-range,87,6,0,239,112,127,185.01,79.5,107,3,63,0.06,0.5,0,0,0,3,0,20,0,0,20,0,0,0,0,0,0,0,0,0,0,0,0,0.23,0.61,0.58,1.49,0,0.8,0.47,0.61,1.37,0,0.76,0,1,2,0,1
274,attack-range,48,8,0,242,112,130,111.65,84.5,121,2,63,0.03,0.08,27,1,0,8,0,5,0,0,5,0,0,0,0,0,0,0,0,0,0,0,0,0.1,0.61,0.58,1.51,0,0.8,0.47,0.61,1.41,0,0.77,0,1,2,0,1
275,attack-range,48,6,0,243,113,130,111.51,58,82.33,2,63,0.06,0.29,27,1,0,8,0,5,0,0,5,0,0,0,0,0,0,0,0,0,0,0,0,0.1,0.61,0.58,1.51,0.01,0.8,0.47,0.61,1.41,0,0.77,0.1,1,2,0,1
276,attack-range,96,4,0,250,116,134,107.58,81.5,119.5,2,96,0.03,0.07,21,0,0,5,0,14,6,0,14,0,0,6,0,0,0,0,0,0,0,0,0,0.15,0.61,0.58,1.56,0,0.82,0.47,0.61,1.59,0,0.83,0,1,2,0,1
277,attack-range,61,33,0,239,112,127,185.5,157,214,3,45,0,0,27,0,0,8,0,8,1,0,8,0,0,2,0,0,0,0,0,0,0,0,0,0.13,0.61,0.58,1.49,0,0.8,0.47,0.61,1.71,0,0.87,0,1,2,0,1
278,attack-range,17,4,2,239,112,127,185.5,157,214,1,36,0.03,0.25,0,0,0,3,0,2,0,0,2,0,0,0,0,0,0,0,0,0,0,0,2,0.12,0.61,0.58,1.49,0,0.8,0.47,0.61,1.53,0,0.81,0,1,2,0,1
279,attack-range,3,4,1,242,112,130,111.65,84.5,121,1,98,0.03,0.05,0,0,0,1,0,1,0,0,1,0,0,0,0,0,0,0,0,0,0,1,0,0.33,0.61,0.58,1.51,0,0.8,0.47,0.61,0.77,0,0.62,0,1,2,0,1
280,attack-range,7,6,2,242,112,130,111.5,56.67,81.67,1,98,0.03,0.14,0,0,0,2,0,2,0,0,2,0,0,0,0,0,0,0,0,0,0,2,0,0.29,0.61,0.58,1.51,0.01,0.8,0.47,0.61,0.77,0,0.62,0,1,2,0,1
281,attack-range,28,13,0,239,112,127,185.5,157,214,2,46,0.03,0.03,9,0,0,4,0,5,0,0,4,1,0,4,0,0,0,0,0,0,0,0,0,0.18,0.61,0.58,1.49,0,0.8,0.47,0.61,1.52,0,0.8,0,1,2,0,1
282,attack-range,36,2,0,15,5,10,17.54,6,12,2,123,0,0,10,0,0,5,0,6,2,0,6,0,0,1,0,0,0,0,0,0,0,0,0,0.17,0.61,0.58,0.09,0,0.51,0.47,0.61,1.55,0,0.81,0,1,2,0,1
283,attack-range,36,8,0,15,5,10,17.5,4,6,2,123,0,0,10,0,0,5,0,6,2,0,6,0,0,1,0,0,0,0,0,0,0,0,0,0.17,0.61,0.58,0.09,0,0.51,0.47,0.61,1.55,0,0.81,0,1,2,0,1
284,attack-range,36,8,0,17,6,11,17.38,2.6,2.6,2,123,0.11,0.25,10,0,0,5,0,6,2,0,6,0,0,1,0,0,0,0,0,0,0,0,0,0.17,0.61,0.58,0.11,0.01,0.51,0.47,0.61,1.55,0,0.81,0.14,0.99,2,0.01,1
285,attack-range,54,30,0,239,112,127,184.51,53,71.33,5,7,0.1,0.43,3,3,0,4,0,6,0,0,6,0,0,0,0,0,0,0,0,0,0,0,0,0.11,0.61,0.58,1.49,0,0.8,0.47,0.61,1.64,0,0.84,0,1,2,0,1
286,attack-range,28,13,0,16,6,10,16.59,7,10,23,17,0.14,0.03,13,0,0,6,0,4,0,0,4,0,0,5,0,0,0,0,0,0,0,0,0,0.14,0.61,0.58,0.1,0,0.51,0.47,0.61,1.48,0,0.79,0,1,2,0,1
287,trellis,74,18,1,59,38,21,8.62,7.07,3.4,3,26,0.03,0.16,13,4,0,8,0,8,1,0,7,1,0,7,0,0,0,0,1,0,0,0,0,0.11,0.29,0.21,0.91,0.03,0.65,0.43,0.71,1.86,0,0.93,0,1.01,2.01,0,1
288,trellis,86,34,2,46,36,10,9.28,8.93,1.5,2,25,0.1,0.32,19,2,0,8,0,10,0,0,10,0,0,9,0,0,0,0,0,0,0,0,2,0.12,0.29,0.21,0.71,0.01,0.6,0.43,0.71,1.51,0,0.8,0,1.01,2.01,0,1
289,trellis,60,16,0,46,29,17,7.04,5.31,2.92,1,24,0.03,0.16,5,2,0,12,0,6,4,0,6,0,0,3,0,0,0,0,0,0,0,0,0,0.1,0.29,0.21,0.71,0.01,0.6,0.43,0.71,1.66,0,0.85,0,1.01,2.01,0,1
290,trellis,75,22,3,73,36,37,5.09,3.31,3.08,2,25,0.12,0.68,7,3,0,8,0,8,3,0,8,0,0,1,0,0,0,0,2,0,0,0,1,0.11,0.29,0.21,1.12,0.05,0.7,0.43,0.71,1.78,0.01,0.89,0,1.01,2.01,0,1
291,trellis,10,4,0,26,24,2,11.13,13.5,1,1,7,0.02,0.05,3,0,0,10,0,1,0,0,1,0,0,1,0,0,0,0,0,0,0,0,0,0.1,0.29,0.21,0.4,0,0.54,0.43,0.71,1.49,0,0.79,0,1.01,2.01,0,1
292,trellis,59,2,0,75,34,41,6.5,4.56,3.69,3,36,0.09,0.53,25,0,0,6,0,9,0,0,9,0,0,7,0,0,0,0,0,0,0,0,0,0.15,0.29,0.21,1.15,0.15,0.7,0.43,0.71,1.75,0,0.88,0,1.01,2.01,0,1
293,trellis,69,14,0,62,33,29,13.49,11.45,6.91,1,34,0.05,0.26,14,0,0,7,0,8,2,0,8,0,0,3,0,0,0,0,0,0,0,0,0,0.12,0.29,0.21,0.95,0.03,0.66,0.43,0.71,1.69,0,0.86,0,1.01,2.01,0,1
294,trellis,69,4,0,30,26,4,5.63,4.95,2.16,2,20,0.06,0.26,10,3,0,7,0,9,4,1,8,1,0,4,0,0,0,0,0,0,0,0,0,0.14,0.29,0.21,0.46,0.01,0.57,0.43,0.71,1.74,0,0.88,0,1.01,2.01,0,1
295,trellis,64,5,0,30,26,4,5.66,6.35,2.05,2,20,0.06,0.31,10,3,0,7,0,9,4,1,8,1,0,4,0,0,0,0,0,0,0,0,0,0.16,0.29,0.22,0.6,0.02,0.59,0.43,0.71,1.74,0,0.88,0,1.01,2.01,0,1
296,trellis,80,12,1,75,40,35,6.06,4.78,3.19,1,34,0.06,0.37,26,1,0,9,0,9,1,0,9,0,0,3,0,0,0,0,1,0,0,0,0,0.11,0.29,0.21,1.15,0.04,0.7,0.43,0.71,1.83,0,0.91,0,1.01,2.01,0,1
297,trellis,15,7,0,4,3,1,2.25,2.17,0.17,2,7,0.12,0.11,3,0,0,17,0,1,0,0,1,0,0,0,0,0,0,0,0,0,0,0,0,0.07,0.29,0.21,0.06,0,0.42,0.43,0.71,1.66,0,0.85,0,1.01,2.01,0,1
298,trellis,15,2,0,4,3,1,2.25,2.14,0.14,3,7,0.12,0.11,3,0,0,17,0,1,0,0,1,0,0,0,0,0,0,0,0,0,0,0,0,0.07,0.29,0.21,0.06,0,0.42,0.43,0.71,1.66,0,0.85,0,1.01,2.01,0,1
299,trellis,43,42,0,4,3,1,2.25,2.12,0.12,3,7,0.12,0.11,9,0,0,14,0,3,0,0,3,0,0,0,0,0,0,0,0,0,0,0,0,0.07,0.29,0.21,0.06,0,0.42,0.43,0.71,1.66,0,0.85,0,1.01,2.01,0,1
300,trellis,68,12,2,33,21,12,5.63,4.74,1.42,4,25,0.12,0.37,12,4,0,8,0,8,1,0,8,0,0,4,0,0,0,0,0,0,0,0,2,0.12,0.29,0.21,0.51,0.01,0.54,0.43,0.71,1.78,0,0.89,0,1.01,2.01,0,1
301,trellis,27,2,0,46,32,14,14.58,14.83,6.67,3,8,0.03,0.12,15,0,0,8,0,3,0,0,3,0,0,3,0,0,0,0,0,0,0,0,0,0.11,0.29,0.21,0.71,0,0.61,0.43,0.71,1.73,0,0.87,0,1.01,2.01,0,1
302,trellis,33,12,0,46,32,14,14.54,12.86,6,3,8,0.04,0.21,15,0,0,10,0,3,0,0,3,0,0,3,0,0,0,0,0,0,0,0,0,0.09,0.29,0.21,0.71,0,0.61,0.43,0.71,1.73,0,0.87,0,1.01,2.01,0,1
303,trellis,35,8,8,46,25,21,5.88,4.55,3.14,4,36,0.07,0.37,2,2,0,3,0,10,0,0,10,0,0,2,0,0,0,0,6,0,0,0,2,0.29,0.29,0.21,0.71,0.01,0.59,0.43,0.71,1.48,0,0.79,0,1.01,2.01,0,1
304,trellis,49,3,0,51,32,19,11.68,10.2,4.2,2,34,0.07,0.24,17,1,0,7,0,6,0,0,6,0,0,5,0,0,0,0,0,0,0,0,0,0.12,0.29,0.21,0.78,0.02,0.62,0.43,0.71,1.68,0,0.86,0,1.01,2.01,0,1
305,trellis,57,14,0,51,32,19,11.66,9.36,4.18,2,34,0.07,0.32,18,2,0,7,0,7,0,0,7,0,0,6,0,0,0,0,0,0,0,0,0,0.12,0.29,0.21,0.82,0.06,0.63,0.43,0.71,1.68,0,0.86,0,1.01,2.01,0,1
306,trellis,57,4,0,51,32,19,11.65,8.67,3.92,2,34,0.07,0.32,18,2,0,7,0,7,0,0,7,0,0,6,0,0,0,0,0,0,0,0,0,0.12,0.29,0.21,0.82,0.06,0.63,0.43,0.71,1.68,0,0.86,0,1.01,2.01,0,1
307,trellis,64,6,0,59,31,28,6.83,5.03,3.2,2,34,0.13,0.68,25,1,0,6,0,9,0,0,8,1,0,5,0,0,0,0,0,0,0,0,0,0.14,0.29,0.21,0.91,0.03,0.65,0.43,0.71,1.75,0,0.88,0,1.01,2.01,0,1
308,trellis,70,12,5,79,38,41,7.03,5.38,3.53,1,28,0.09,0.53,25,0,0,6,0,11,1,0,11,0,0,4,0,0,0,0,5,0,0,0,0,0.16,0.29,0.21,1.22,0.04,0.72,0.43,0.71,1.9,0,0.95,0,1.01,2.01,0,1
309,trellis,7,2,0,2,2,0,1.93,2,0,4,3,0.22,0.11,2,0,0,6,0,1,0,0,1,0,0,1,0,0,0,0,0,0,0,0,0,0.14,0.29,0.21,0.03,0,0.42,0.43,0.71,1.58,0,0.82,0,1.01,2.01,0,1
310,trellis,6,4,0,19,9,10,12.46,6.33,9,1,21,0.05,0.16,2,0,0,5,0,1,0,0,1,0,0,0,0,0,0,0,0,0,0,0,0,0.17,0.29,0.21,0.29,0,0.47,0.43,0.71,1.09,0,0.68,0,1.01,2.01,0,1
311,trellis,34,8,2,33,23,10,9.96,9.12,2.5,5,25,0.07,0.26,5,2,0,6,0,5,0,0,5,0,0,3,0,0,0,0,0,0,0,0,2,0.15,0.29,0.21,0.51,0,0.53,0.43,0.71,1.41,0,0.77,0,1.01,2.01,0,1
312,trellis,28,4,0,51,30,21,9.79,8.75,4.75,1,34,0.04,0.21,12,0,0,6,0,4,0,0,4,0,0,2,0,0,0,0,0,0,0,0,0,0.14,0.29,0.21,0.78,0.01,0.62,0.43,0.71,1.68,0,0.86,0,1.01,2.01,0,1
313,trellis,21,8,0,26,25,1,10.82,13,0.75,2,8,0.07,0.16,8,0,0,10,0,2,0,0,2,0,0,4,0,0,0,0,0,0,0,0,0,0.1,0.29,0.21,0.4,0,0.55,0.43,0.71,1.71,0,0.87,0,1.01,2.01,0,1
314,trellis,60,24,0,29,19,10,4.32,3.27,1.82,1,34,0.09,0.26,2,1,0,14,0,4,1,1,3,1,0,0,0,0,0,0,0,0,0,0,0,0.08,0.29,0.21,0.45,0,0.51,0.43,0.71,1.85,0,0.92,0,1.01,2.01,0,1
315,trellis,56,20,2,46,36,10,9,9.31,1.54,6,25,0.11,0.37,10,3,0,7,0,7,0,0,7,0,0,7,0,0,0,0,0,0,0,0,2,0.12,0.29,0.21,0.71,0.01,0.6,0.43,0.71,1.49,0,0.79,0,1.01,2.01,0,1
316,trellis,195,10,2,56,26,30,4.75,2.97,2.54,1,36,0.1,0.48,32,6,0,11,0,18,0,2,16,2,0,3,0,0,0,0,0,0,2,0,0,0.1,0.29,0.21,0.86,0.04,0.64,0.43,0.71,1.96,0.01,0.98,0,1.01,2.01,0,1
317,trellis,199,12,2,56,26,30,4.74,2.95,2.5,1,36,0.11,0.58,32,6,0,11,0,18,0,2,16,2,0,3,0,0,0,0,0,0,2,0,0,0.1,0.29,0.21,0.86,0.04,0.64,0.43,0.71,1.96,0.01,0.98,0,1.01,2.01,0,1
318,trellis,199,6,2,56,26,30,4.76,3.68,2.44,1,36,0.11,0.92,32,6,0,11,0,18,0,2,16,2,0,3,0,0,0,0,0,0,2,0,0,0.1,0.3,0.22,1.06,0.06,0.68,0.43,0.71,1.96,0.01,0.98,0,1.01,2.01,0,1
319,trellis,199,2,2,57,26,31,4.76,3.62,2.4,1,37,0.11,1,32,6,0,11,0,18,0,2,16,2,0,3,0,0,0,0,0,0,2,0,0,0.1,0.3,0.21,1.07,0.07,0.68,0.43,0.71,1.96,0.01,0.98,0.16,0.99,2.01,0.01,1
320,trellis,61,2,0,26,18,8,5.24,2.71,0.82,1,4,0.05,0.16,2,3,0,14,0,4,1,2,2,2,0,1,0,0,0,0,0,0,0,0,0,0.1,0.29,0.21,0.4,0,0.5,0.43,0.71,1.83,0.01,0.91,0,1.01,2.01,0,1
321,trellis,31,4,0,49,32,17,9.02,7.36,3.64,1,34,0.07,0.32,14,0,0,7,0,4,0,0,4,0,0,5,0,0,0,0,0,0,0,0,0,0.13,0.29,0.21,0.75,0.03,0.62,0.43,0.71,1.54,0,0.81,0,1.01,2.01,0,1
322,trellis,41,10,2,33,23,10,8.96,8.22,2.22,5,25,0.07,0.26,8,2,0,6,0,6,0,0,6,0,0,3,0,0,0,0,0,0,0,0,2,0.15,0.29,0.21,0.51,0,0.53,0.43,0.71,1.5,0,0.8,0,1.01,2.01,0,1
323,trellis,75,4,0,47,31,16,6.4,5.44,2.33,1,34,0.11,0.53,3,0,0,22,0,3,0,2,1,2,0,0,0,0,0,0,0,0,0,0,0,0.07,0.29,0.21,0.72,0.02,0.61,0.43,0.71,1.89,0,0.94,0,1.01,2.01,0,1
324,trellis,37,4,0,50,32,18,8.12,7.29,2.43,1,6,0.08,0.37,8,0,0,8,0,4,1,0,4,0,0,4,0,0,0,0,0,0,0,0,0,0.11,0.29,0.21,0.77,0.03,0.62,0.43,0.71,1.62,0,0.84,0,1.01,2.01,0,1
325,trellis,41,8,0,51,32,19,8.11,6.87,2.47,1,7,0.08,0.37,8,0,0,9,0,4,1,0,4,0,0,4,0,0,0,0,0,0,0,0,0,0.1,0.29,0.21,0.78,0.04,0.62,0.43,0.71,1.62,0,0.84,0.16,0.99,2.01,0.01,1
326,trellis,20,5,2,53,27,26,9.61,6.21,5,2,21,0.05,0.24,6,0,0,3,0,5,0,0,5,0,0,0,0,0,0,0,2,0,0,0,0,0.25,0.29,0.21,0.82,0.02,0.6,0.43,0.71,1.53,0,0.8,0,1.01,2.01,0,1
327,trellis,65,4,0,38,27,11,7.88,7.5,2.1,1,24,0.04,0.16,14,0,0,9,0,6,1,0,6,0,0,5,0,0,0,0,0,0,0,0,0,0.09,0.29,0.21,0.58,0,0.58,0.43,0.71,1.78,0,0.89,0,1.01,2.01,0,1
328,trellis,38,6,0,18,11,7,3.21,2.55,0.91,2,5,0.09,0.21,10,1,0,8,0,5,0,0,5,0,0,1,0,0,0,0,0,0,0,0,0,0.13,0.29,0.21,0.28,0,0.47,0.43,0.71,1.76,0,0.89,0,1.01,2.01,0,1
329,trellis,31,3,0,18,11,7,3.21,2.42,0.92,2,5,0.09,0.21,8,1,0,8,0,4,0,0,4,0,0,1,0,0,0,0,0,0,0,0,0,0.13,0.29,0.21,0.28,0,0.47,0.43,0.71,1.76,0,0.89,0,1.01,2.01,0,1
330,trellis,31,2,0,18,11,7,3.21,2.38,0.85,3,5,0.09,0.21,8,1,0,8,0,4,0,0,4,0,0,1,0,0,0,0,0,0,0,0,0,0.13,0.29,0.21,0.28,0,0.47,0.43,0.71,1.76,0,0.89,0,1.01,2.01,0,1
331,trellis,65,42,0,18,11,7,3.21,2.36,0.79,3,5,0.09,0.22,16,1,0,9,0,7,0,0,7,0,0,1,0,0,0,0,0,0,0,0,0,0.11,0.29,0.21,0.28,0,0.47,0.43,0.71,1.76,0,0.89,0,1.01,2.01,0,1
332,trellis,31,8,0,49,20,29,6.92,3.79,5.79,1,10,0.08,0.42,0,0,0,28,0,1,0,1,0,1,0,0,0,0,0,0,0,0,0,0,0,0.06,0.29,0.21,0.75,0.01,0.61,0.43,0.71,1.66,0.01,0.85,0,1.01,2.01,0,1
333,trellis,39,10,0,41,23,18,4.5,3.18,1.96,1,4,0.08,0.37,0,1,0,20,0,2,1,1,1,1,0,0,0,0,0,0,0,0,0,0,0,0.08,0.29,0.21,0.63,0.01,0.54,0.43,0.71,1.74,0,0.88,0,1.01,2.01,0,1
334,trellis,37,2,0,41,23,18,4.52,4,1.77,1,4,0.08,0.44,0,1,0,19,0,2,1,1,1,1,0,0,0,0,0,0,0,0,0,0,0,0.08,0.3,0.22,0.88,0.02,0.64,0.43,0.71,1.74,0,0.88,0,1.01,2.01,0,1
335,trellis,76,16,1,67,40,27,7.86,6.86,3.57,4,12,0.05,0.26,26,0,0,8,0,9,0,0,9,0,0,15,0,0,0,0,1,0,0,0,0,0.12,0.29,0.21,1.03,0.03,0.67,0.43,0.71,1.84,0,0.92,0,1.01,2.01,0,1
336,trellis,84,22,1,67,40,27,7.85,6.59,3.45,4,12,0.05,0.26,26,0,0,9,0,9,0,0,9,0,0,15,0,0,0,0,1,0,0,0,0,0.11,0.29,0.21,1.03,0.03,0.67,0.43,0.71,1.84,0,0.92,0,1.01,2.01,0,1
337,trellis,69,8,2,48,37,11,8.63,8.79,1.57,1,25,0.08,0.26,10,3,0,6,0,10,2,0,10,0,0,5,0,0,0,0,0,0,0,0,2,0.14,0.29,0.21,0.74,0.01,0.61,0.43,0.71,1.68,0,0.86,0,1.01,2.01,0,1
338,trellis,64,6,0,33,27,6,5.57,5.42,0.83,1,10,0.07,0.21,1,4,0,19,0,3,0,2,1,2,0,1,0,0,0,0,0,0,0,0,0,0.08,0.29,0.21,0.51,0,0.57,0.43,0.71,1.68,0,0.86,0,1.01,2.01,0,1
339,ansible-nas,40,1,0,278,197,81,50.88,52.86,23,4,103,0.05,0.75,0,0,0,19,0,2,0,2,0,2,0,0,0,0,0,0,0,0,0,0,0,0.1,0.45,0.38,1.58,0.01,0.81,0.34,0.84,1.99,0,0.99,0,1,2,0,1
340,ansible-nas,18,3,1,177,150,27,89,151,27,85,345,0.03,0.25,0,1,15,4,1,3,0,0,0,3,0,0,0,0,0,0,0,0,1,0,0,0.22,0.45,0.38,1,0,0.63,0.34,0.84,1.75,0,0.89,0,1,2,0,1
341,ansible-nas,18,3,1,177,150,27,89,151,27,85,345,0.03,0.25,0,1,15,4,1,3,0,0,0,3,0,0,0,0,0,0,0,0,1,0,0,0.22,0.45,0.38,1,0,0.63,0.34,0.84,1.75,0,0.89,0,1,2,0,1
342,ansible-nas,42,66,0,21,9,12,10.79,5.5,6,1,104,0.02,0.12,0,0,0,19,0,2,0,2,0,2,0,0,0,0,0,0,0,0,0,0,0,0.1,0.45,0.38,0.12,0,0.48,0.34,0.84,1.99,0,1,0,1,2,0,1
343,ansible-nas,41,1,0,21,9,12,11.13,40,11.67,1,104,0.04,0.5,0,0,0,18,0,2,0,2,0,2,0,0,0,0,0,0,0,0,0,0,0,0.1,0.41,0.25,0.65,0.34,0.57,0.34,0.84,1.99,0,1,0,1,2,0,1
344,ansible-nas,25,3,1,177,150,27,89,151,27,85,345,0.03,0.25,0,2,21,4,1,4,0,0,0,4,0,0,0,0,0,0,0,0,1,0,0,0.2,0.45,0.38,1,0,0.63,0.34,0.84,1.75,0,0.89,0,1,2,0,1
345,ansible-nas,42,1,0,179,150,29,47.44,76,16,3,103,0.02,0.25,0,1,0,19,0,2,0,2,0,2,0,0,0,0,0,0,0,0,0,0,0,0.1,0.45,0.38,1.01,0,0.63,0.34,0.84,1.99,0,0.99,0,1,2,0,1
346,ansible-nas,50,84,0,118,57,61,35.71,33.5,16.5,3,103,0.04,0.25,0,0,0,24,0,2,0,2,0,2,0,0,0,0,0,0,0,0,0,0,0,0.08,0.45,0.38,0.67,0,0.57,0.34,0.84,1.99,0,0.99,0,1,2,0,1
347,ansible-nas,49,1,0,118,57,61,35.73,34.8,15,3,103,0.05,0.75,0,0,0,24,0,2,0,2,0,2,0,0,0,0,0,0,0,0,0,0,0,0.08,0.44,0.32,0.79,0.15,0.59,0.34,0.84,1.99,0,0.99,0,1,2,0,1
348,ansible-nas,47,78,0,21,9,12,10.79,5.5,6,3,103,0.02,0.12,0,0,0,23,0,2,0,2,0,2,0,0,0,0,0,0,0,0,0,0,0,0.09,0.45,0.38,0.12,0,0.48,0.34,0.84,1.99,0,0.99,0,1,2,0,1
349,ansible-nas,46,1,0,21,9,12,11.13,40,11.67,3,103,0.04,0.5,0,0,0,22,0,2,0,2,0,2,0,0,0,0,0,0,0,0,0,0,0,0.09,0.41,0.25,0.65,0.34,0.57,0.34,0.84,1.99,0,0.99,0,1,2,0,1
350,ansible-nas,31,1,0,189,161,28,27.52,42.5,7.5,4,103,0.04,0.5,0,0,0,14,0,2,0,2,0,2,0,0,0,0,0,0,0,0,0,0,0,0.13,0.45,0.38,1.07,0,0.65,0.34,0.84,1.99,0,0.99,0,1,2,0,1
351,ansible-nas,96,151,0,18,16,2,5.01,4.2,1,3,104,0.05,0.25,0,0,0,48,0,2,0,2,0,2,0,0,0,0,0,0,0,0,0,0,0,0.04,0.45,0.38,0.1,0,0.46,0.34,0.84,1.99,0,1,0,1,2,0,1
352,ansible-nas,95,1,0,18,16,2,5.03,6.83,1.5,4,104,0.07,0.75,0,0,0,47,0,2,0,2,0,2,0,0,0,0,0,0,0,0,0,0,0,0.04,0.45,0.38,0.22,0,0.47,0.34,0.84,1.99,0,1,0,1,2,0,1
353,ansible-nas,41,64,0,66,32,34,15.23,9,9.25,1,103,0.02,0.12,0,1,0,18,0,2,0,2,0,2,0,0,0,0,0,0,0,0,0,0,0,0.1,0.45,0.38,0.37,0,0.52,0.34,0.84,1.99,0,0.99,0,1,2,0,1
354,ansible-nas,40,1,0,66,32,34,15.39,29,12,1,103,0.04,0.5,0,1,0,18,0,2,0,2,0,2,0,0,0,0,0,0,0,0,0,0,0,0.1,0.41,0.25,0.82,0.34,0.61,0.34,0.84,1.99,0,0.99,0,1,2,0,1
355,ansible-nas,43,70,0,118,57,61,34.97,33.5,15.75,3,103,0.04,0.25,0,0,0,20,0,2,0,2,0,2,0,0,0,0,0,0,0,0,0,0,0,0.09,0.45,0.38,0.67,0,0.57,0.34,0.84,1.99,0,0.99,0,1,2,0,1
356,ansible-nas,42,1,0,118,57,61,34.99,34.8,14.4,3,103,0.05,0.75,0,0,0,20,0,2,0,2,0,2,0,0,0,0,0,0,0,0,0,0,0,0.1,0.44,0.32,0.79,0.15,0.59,0.34,0.84,1.99,0,0.99,0,1,2,0,1
357,ansible-nas,43,6,0,138,64,74,38.16,30.14,20.29,3,103,0.07,1,0,0,0,20,0,2,0,2,0,2,0,0,0,0,0,0,0,0,0,0,0,0.09,0.45,0.38,0.78,0,0.59,0.34,0.84,1.99,0,0.99,0,1,2,0,1
358,ansible-nas,18,3,1,177,150,27,89,151,27,75,332,0.03,0.25,0,1,15,4,1,3,0,0,0,3,0,0,0,0,0,0,0,0,1,0,0,0.22,0.45,0.38,1,0,0.63,0.34,0.84,1.75,0,0.89,0,1,2,0,1
359,ansible-nas,10,2,1,4,4,0,4.92,5,0,87,332,0.17,0.25,0,1,9,5,1,1,0,0,0,1,0,0,0,0,0,0,0,1,0,0,0,0.2,0.45,0.38,0.02,0,0.37,0.34,0.84,1.98,0,0.99,0,1,2,0,1
360,ansible-nas,42,1,0,277,196,81,57.93,59.5,27.5,3,103,0.05,0.75,0,0,0,20,0,2,0,2,0,2,0,0,0,0,0,0,0,0,0,0,0,0.1,0.45,0.38,1.57,0.01,0.8,0.34,0.84,1.99,0,0.99,0,1,2,0,1
361,ansible-nas,64,1,0,192,157,35,37.19,54.33,13,3,103,0.04,0.5,0,0,0,30,0,2,0,2,0,2,0,0,0,0,0,0,0,0,0,0,0,0.06,0.45,0.38,1.09,0.01,0.65,0.34,0.84,1.99,0,1,0,1,2,0,1
362,ansible-nas,18,3,1,177,150,27,89,151,27,85,345,0.03,0.25,0,1,15,4,1,3,0,0,0,3,0,0,0,0,0,0,0,0,1,0,0,0.22,0.45,0.38,1,0,0.63,0.34,0.84,1.75,0,0.89,0,1,2,0,1
363,ansible-nas,18,3,1,177,150,27,89,151,27,75,332,0.03,0.25,0,1,15,4,1,3,0,0,0,3,0,0,0,0,0,0,0,0,1,0,0,0.22,0.45,0.38,1,0,0.63,0.34,0.84,1.75,0,0.89,0,1,2,0,1
364,ansible-nas,41,14,0,118,57,61,31.4,28.4,14.6,3,103,0.06,0.23,0,0,0,20,0,2,0,2,0,2,0,0,0,0,0,0,0,0,0,0,0,0.1,0.45,0.38,0.67,0,0.57,0.34,0.84,1.99,0,0.99,0,1,2,0,1
365,ansible-nas,41,6,0,118,57,61,31.37,23.83,12.33,3,103,0.05,0.75,0,0,0,20,0,2,0,2,0,2,0,0,0,0,0,0,0,0,0,0,0,0.1,0.45,0.38,0.67,0,0.57,0.34,0.84,1.99,0,0.99,0,1,2,0,1
366,ansible-nas,43,6,0,30,18,12,14.16,10,5,3,103,0.03,0.5,0,0,0,20,0,2,0,2,0,2,0,0,0,0,0,0,0,0,0,0,0,0.09,0.45,0.38,0.17,0,0.49,0.34,0.84,1.99,0,0.99,0,1,2,0,1
367,ansible-nas,21,3,1,5,5,0,3.94,4,0,5,332,1,0.12,4,1,16,4,1,3,0,0,3,0,0,0,0,0,0,0,0,0,1,0,0,0.19,0.45,0.38,0.03,0,0.02,0.34,0.84,1.75,0,0.89,0,1,2,0,1
368,ansible-nas,20,3,1,5,5,0,4.04,15.33,0,37,332,0.5,0.5,4,1,15,4,1,3,0,0,3,0,0,0,0,0,0,0,0,0,1,0,0,0.2,0.45,0.33,0.21,0.21,0.48,0.34,0.84,1.75,0,0.89,0,1,2,0,1
369,ansible-nas,20,4,1,5,5,0,4.51,54.5,0.25,163,332,0.5,0.5,2,1,15,4,1,3,0,0,1,2,0,0,0,0,0,0,0,0,1,0,0,0.2,0.4,0.23,0.78,0.45,0.57,0.34,0.84,1.75,0,0.89,0,1,2,0,1
370,ansible-nas,20,2,1,5,5,0,4.62,52.4,0.2,164,332,0.5,0.5,0,1,15,4,1,3,0,0,0,3,0,0,0,0,0,0,0,0,1,0,0,0.2,0.4,0.23,0.79,0.46,0.57,0.34,0.84,1.75,0,0.89,0,1,2,0,1
371,ansible-nas,10,2,1,6,4,2,6.84,5,2,87,238,0.03,0.25,0,1,9,5,1,1,0,0,0,1,0,0,0,0,0,0,0,1,0,0,0,0.2,0.45,0.38,0.03,0,0.47,0.34,0.84,1.98,0,0.99,0,1,2,0,1
372,ansible-nas,10,2,1,177,150,27,89,151,27,87,332,0.03,0.12,0,1,9,5,1,1,0,0,0,1,0,0,0,0,0,0,0,1,0,0,0,0.2,0.45,0.38,1,0,0.63,0.34,0.84,1.98,0,0.99,0,1,2,0,1
373,ansible-nas,44,72,0,138,64,74,42,33.83,22.33,3,103,0.05,0.38,0,0,0,21,0,2,0,2,0,2,0,0,0,0,0,0,0,0,0,0,0,0.09,0.45,0.38,0.78,0,0.59,0.34,0.84,1.99,0,0.99,0,1,2,0,1
374,ansible-nas,43,1,0,138,64,74,42.08,44.57,22.43,3,103,0.07,1,0,0,0,20,0,2,0,2,0,2,0,0,0,0,0,0,0,0,0,0,0,0.09,0.41,0.25,1.11,0.35,0.67,0.34,0.84,1.99,0,0.99,0,1,2,0,1
375,ansible-nas,6,2,0,14,10,4,7.68,6,2,2,97,0.02,0.25,0,0,0,5,0,1,0,0,0,1,0,0,0,0,0,0,0,0,0,0,0,0.17,0.45,0.38,0.08,0,0.48,0.34,0.84,1.86,0,0.93,0,1,2,0,1
376,ansible-nas,17,3,1,177,150,27,89,151,27,2,332,0.03,0.25,0,1,14,3,1,3,0,0,0,3,0,0,0,0,0,0,0,0,1,0,0,0.24,0.45,0.38,1,0,0.63,0.34,0.84,1.75,0,0.89,0,1,2,0,1
377,ansible-nas,6,2,0,177,150,27,89,151,27,1,345,0.03,0.12,0,0,0,5,0,1,0,0,0,1,0,0,0,0,0,0,0,0,0,0,0,0.17,0.45,0.38,1,0,0.63,0.34,0.84,0.97,0,0.66,0,1,2,0,1
378,ansible-nas,46,6,0,122,61,61,31.96,30.6,13,3,103,0.05,0.75,0,0,0,22,0,2,0,2,0,2,0,0,0,0,0,0,0,0,0,0,0,0.09,0.45,0.38,0.69,0,0.57,0.34,0.84,1.99,0,0.99,0,1,2,0,1
379,ansible-nas,52,88,0,123,62,61,38.76,37.5,15.75,2,103,0.04,0.25,0,0,0,26,0,2,0,2,0,2,0,0,0,0,0,0,0,0,0,0,0,0.08,0.45,0.38,0.7,0,0.57,0.34,0.84,1.99,0,0.99,0,1,2,0,1
380,ansible-nas,51,1,0,123,62,61,38.89,51.8,17.2,2,103,0.05,0.75,0,0,0,26,0,2,0,2,0,2,0,0,0,0,0,0,0,0,0,0,0,0.08,0.41,0.25,1.06,0.34,0.66,0.34,0.84,1.99,0,0.99,0,1,2,0,1
381,ansible-nas,49,1,0,258,190,68,56.73,71,22.25,3,103,0.05,0.38,0,0,0,24,0,2,0,2,0,2,0,0,0,0,0,0,0,0,0,0,0,0.08,0.45,0.38,1.46,0,0.76,0.34,0.84,1.99,0,0.99,0,1,2,0,1
382,ansible-nas,48,1,0,258,190,68,56.7,64.4,17.8,3,103,0.05,0.75,0,0,0,23,0,2,0,2,0,2,0,0,0,0,0,0,0,0,0,0,0,0.08,0.45,0.33,1.56,0.23,0.82,0.34,0.84,1.99,0,0.99,0,1,2,0,1
383,ansible-nas,19,3,1,3,3,0,3.94,4,0,76,332,1,0.12,4,1,16,4,1,3,0,0,3,0,0,0,0,0,0,0,0,0,1,0,0,0.21,0.45,0.38,0.02,0,0.01,0.34,0.84,1.75,0,0.89,0,1,2,0,1
384,ansible-nas,18,3,1,3,3,0,4.13,21,0,108,332,0.5,0.5,4,1,15,4,1,3,0,0,3,0,0,0,0,0,0,0,0,0,1,0,0,0.22,0.45,0.33,0.21,0.21,0.48,0.34,0.84,1.75,0,0.89,0,1,2,0,1
385,ansible-nas,18,4,1,3,3,0,5.07,71.33,0.33,234,332,0.5,0.5,2,1,15,4,1,3,0,0,1,2,0,0,0,0,0,0,0,0,1,0,0,0.22,0.4,0.23,0.78,0.45,0.57,0.34,0.84,1.75,0,0.89,0,1,2,0,1
386,ansible-nas,18,2,1,3,3,0,5.28,64.5,0.25,235,332,0.5,0.5,0,1,15,4,1,3,0,0,0,3,0,0,0,0,0,0,0,0,1,0,0,0.22,0.4,0.23,0.79,0.46,0.57,0.34,0.84,1.75,0,0.89,0,1,2,0,1
387,ansible-nas,42,1,0,258,190,68,45.58,57,17.8,3,103,0.07,1,0,0,0,20,0,2,0,2,0,2,0,0,0,0,0,0,0,0,0,0,0,0.1,0.45,0.38,1.46,0,0.76,0.34,0.84,1.99,0,0.99,0,1,2,0,1
388,ansible-nas,18,3,1,177,150,27,89,151,27,86,345,0.03,0.25,0,1,15,4,1,3,0,0,0,3,0,0,0,0,0,0,0,0,1,0,0,0.22,0.45,0.38,1,0,0.63,0.34,0.84,1.75,0,0.89,0,1,2,0,1
389,ansible-nas,18,3,1,177,150,27,89,151,27,75,332,0.03,0.25,0,1,15,4,1,3,0,0,0,3,0,0,0,0,0,0,0,0,1,0,0,0.22,0.45,0.38,1,0,0.63,0.34,0.84,1.75,0,0.89,0,1,2,0,1
390,ansible-nas,45,71,0,21,9,12,20.59,10,12,3,103,0,0,0,0,0,22,0,2,0,2,0,2,0,0,0,0,0,0,0,0,0,0,0,0.09,0.45,0.38,0.12,0,0.48,0.34,0.84,1.99,0,0.99,0,1,2,0,1
391,ansible-nas,44,1,0,21,9,12,21.21,59.5,17.5,3,103,0.02,0.25,0,0,0,22,0,2,0,2,0,2,0,0,0,0,0,0,0,0,0,0,0,0.09,0.41,0.25,0.65,0.34,0.57,0.34,0.84,1.99,0,0.99,0,1,2,0,1
392,ansible-nas,48,1,0,258,190,68,56.97,71,22.5,3,103,0.04,0.5,0,0,0,24,0,2,0,2,0,2,0,0,0,0,0,0,0,0,0,0,0,0.08,0.45,0.38,1.46,0,0.76,0.34,0.84,1.99,0,0.99,0,1,2,0,1
393,ansible-nas,19,6,1,177,150,27,89,151,27,86,345,0.03,0.12,0,1,16,4,1,3,0,0,0,3,0,0,0,0,0,0,0,0,1,0,0,0.21,0.45,0.38,1,0,0.63,0.34,0.84,1.75,0,0.89,0,1,2,0,1
394,ansible-nas,18,3,1,177,150,27,88.64,85.5,15.5,91,345,0.03,0.25,0,1,15,4,1,3,0,0,0,3,0,0,0,0,0,0,0,0,1,0,0,0.22,0.45,0.38,1.05,0,0.64,0.34,0.84,1.75,0,0.89,0,1,2,0,1
395,ansible-nas,44,6,0,124,60,64,30.61,24.38,15.5,2,101,0.05,0.75,0,0,0,22,0,2,0,2,0,2,0,0,0,0,0,0,0,0,0,0,0,0.09,0.45,0.38,0.7,0,0.57,0.34,0.84,1.99,0,0.99,0,1,2,0,1
396,ansible-nas,18,3,1,177,150,27,89,151,27,75,332,0.03,0.25,0,1,15,4,1,3,0,0,0,3,0,0,0,0,0,0,0,0,1,0,0,0.22,0.45,0.38,1,0,0.63,0.34,0.84,1.75,0,0.89,0,1,2,0,1
397,ansible-nas,42,1,0,268,197,71,37.26,42,15.12,4,103,0.09,1.25,0,0,0,20,0,2,0,2,0,2,0,0,0,0,0,0,0,0,0,0,0,0.1,0.45,0.38,1.52,0.01,0.78,0.34,0.84,1.99,0,0.99,0,1,2,0,1
398,ansible-nas,10,2,1,3,3,0,3.94,4,0,87,332,0.5,0.25,0,1,9,5,1,1,0,0,0,1,0,0,0,0,0,0,0,1,0,0,0,0.2,0.45,0.38,0.02,0,0.01,0.34,0.84,1.98,0,0.99,0,1,2,0,1
399,ansible-nas,21,3,1,5,5,0,3.94,4,0,85,345,1,0.12,3,1,16,4,1,3,0,0,3,0,0,0,0,0,0,0,0,0,1,0,0,0.19,0.45,0.38,0.03,0,0.02,0.34,0.84,1.75,0,0.89,0,1,2,0,1
400,ansible-nas,20,3,1,5,5,0,4.04,15.33,0,116,345,0.5,0.5,3,1,15,4,1,3,0,0,3,0,0,0,0,0,0,0,0,0,1,0,0,0.2,0.45,0.33,0.21,0.21,0.48,0.34,0.84,1.75,0,0.89,0,1,2,0,1
401,ansible-nas,20,4,1,5,5,0,4.51,54.5,0.25,243,345,0.5,0.5,1,1,15,4,1,3,0,0,1,2,0,0,0,0,0,0,0,0,1,0,0,0.2,0.4,0.23,0.78,0.45,0.57,0.34,0.84,1.75,0,0.89,0,1,2,0,1
402,ansible-nas,20,2,1,5,5,0,4.62,52.4,0.2,244,345,0.5,0.5,0,1,15,4,1,3,0,0,0,3,0,0,0,0,0,0,0,0,1,0,0,0.2,0.4,0.23,0.79,0.46,0.57,0.34,0.84,1.75,0,0.89,0,1,2,0,1
403,ansible-nas,10,2,1,177,150,27,89,151,27,87,332,0.03,0.25,0,1,9,5,1,1,0,0,0,1,0,0,0,0,0,0,0,1,0,0,0,0.2,0.45,0.38,1,0,0.63,0.34,0.84,1.98,0,0.99,0,1,2,0,1
404,ansible-nas,53,84,0,21,9,12,10.79,5.5,6,1,103,0.02,0.12,0,1,0,24,0,2,0,2,0,2,0,0,0,0,0,0,0,0,0,0,0,0.08,0.45,0.38,0.12,0,0.48,0.34,0.84,1.99,0,0.99,0,1,2,0,1
405,ansible-nas,50,7,0,21,9,12,11.13,40,11.67,1,103,0.04,0.25,0,1,0,22,0,2,0,2,0,2,0,0,0,0,0,0,0,0,0,0,0,0.08,0.41,0.25,0.65,0.34,0.57,0.34,0.84,1.99,0,0.99,0,1,2,0,1
406,ansible-nas,49,1,0,21,9,12,11.11,30.75,8.75,1,103,0.04,0.5,0,1,0,22,0,2,0,2,0,2,0,0,0,0,0,0,0,0,0,0,0,0.08,0.41,0.25,0.65,0.34,0.57,0.34,0.84,1.99,0,0.99,0,1,2,0,1
407,ansible-nas,39,1,0,277,196,81,53.41,53.14,25.71,4,103,0.05,0.75,0,0,0,18,0,2,0,2,0,2,0,0,0,0,0,0,0,0,0,0,0,0.1,0.45,0.38,1.57,0.01,0.8,0.34,0.84,1.99,0,0.99,0,1,2,0,1
408,ansible-nas,45,6,0,138,64,74,42.16,33.83,22.5,3,103,0.04,0.5,0,0,0,22,0,2,0,2,0,2,0,0,0,0,0,0,0,0,0,0,0,0.09,0.45,0.38,0.78,0,0.59,0.34,0.84,1.99,0,0.99,0,1,2,0,1
409,ansible-nas,5,8,4,10,4,6,12.49,5,8,1,103,0.02,0.25,0,0,0,1,0,4,0,0,0,4,0,0,0,0,0,0,4,0,0,0,0,0.8,0.45,0.38,0.06,0,0.47,0.34,0.84,1.4,0,0.77,0,1,2,0,1
410,ansible-nas,19,24,0,1,0,1,1.49,1,0.5,3,103,0.5,0.12,0,0,0,8,0,2,0,2,0,2,0,0,0,0,0,0,0,0,0,0,0,0.21,0.45,0.38,0.01,0,0,0.34,0.84,1.99,0,0.99,0,1,2,0,1
411,ansible-nas,18,3,1,177,150,27,89,151,27,85,327,0.03,0.25,0,1,15,4,1,3,0,0,0,3,0,0,0,0,0,0,0,0,1,0,0,0.22,0.45,0.38,1,0,0.63,0.34,0.84,1.75,0,0.89,0,1,2,0,1
412,ansible-nas,18,3,1,177,150,27,89,151,27,75,332,0.03,0.25,0,1,15,4,1,3,0,0,0,3,0,0,0,0,0,0,0,0,1,0,0,0.22,0.45,0.38,1,0,0.63,0.34,0.84,1.75,0,0.89,0,1,2,0,1
413,ansible-nas,10,2,1,177,150,27,89,151,27,87,332,0.03,0.12,0,1,9,5,1,1,0,0,0,1,0,0,0,0,0,0,0,1,0,0,0,0.2,0.45,0.38,1,0,0.63,0.34,0.84,1.98,0,0.99,0,1,2,0,1
414,ansible-nas,42,68,0,138,64,74,41.67,33.83,22,3,103,0.05,0.38,0,0,0,20,0,2,0,2,0,2,0,0,0,0,0,0,0,0,0,0,0,0.1,0.45,0.38,0.78,0,0.59,0.34,0.84,1.99,0,0.99,0,1,2,0,1
415,ansible-nas,41,1,0,138,64,74,41.75,44.57,22.14,3,103,0.07,1,0,0,0,20,0,2,0,2,0,2,0,0,0,0,0,0,0,0,0,0,0,0.1,0.41,0.25,1.11,0.35,0.67,0.34,0.84,1.99,0,0.99,0,1,2,0,1
416,ansible-nas,43,6,0,141,67,74,38.34,30.12,19.5,3,103,0.04,0.5,0,0,0,20,0,2,0,2,0,2,0,0,0,0,0,0,0,0,0,0,0,0.09,0.45,0.38,0.8,0,0.59,0.34,0.84,1.99,0,0.99,0,1,2,0,1
417,ansible-nas,19,6,1,177,150,27,89,151,27,76,332,0.03,0.12,0,1,16,4,1,3,0,0,0,3,0,0,0,0,0,0,0,0,1,0,0,0.21,0.45,0.38,1,0,0.63,0.34,0.84,1.75,0,0.89,0,1,2,0,1
418,ansible-nas,18,3,1,177,150,27,88.64,85.5,15.5,81,332,0.03,0.25,0,1,15,4,1,3,0,0,0,3,0,0,0,0,0,0,0,0,1,0,0,0.22,0.45,0.38,1.05,0,0.64,0.34,0.84,1.75,0,0.89,0,1,2,0,1
419,ansible-nas,69,118,0,118,57,61,34.97,33.5,15.75,4,103,0.03,0.25,0,0,0,32,0,2,0,2,0,2,0,0,0,0,0,0,0,0,0,0,0,0.06,0.45,0.38,0.67,0,0.57,0.34,0.84,1.99,0,1,0,1,2,0,1
420,ansible-nas,68,7,0,119,57,62,34.98,33.8,14.2,4,103,0.04,0.75,0,0,0,32,0,2,0,2,0,2,0,0,0,0,0,0,0,0,0,0,0,0.06,0.44,0.32,0.8,0.15,0.6,0.34,0.84,1.99,0,1,0.08,1,2,0,1
421,ansible-nas,19,3,1,3,3,0,3.94,4,0,75,332,1,0.12,4,1,16,4,1,3,0,0,3,0,0,0,0,0,0,0,0,0,1,0,0,0.21,0.45,0.38,0.02,0,0.01,0.34,0.84,1.75,0,0.89,0,1,2,0,1
422,ansible-nas,18,3,1,3,3,0,4.13,21,0,107,332,0.5,0.5,4,1,15,4,1,3,0,0,3,0,0,0,0,0,0,0,0,0,1,0,0,0.22,0.45,0.33,0.21,0.21,0.48,0.34,0.84,1.75,0,0.89,0,1,2,0,1
423,ansible-nas,18,4,1,3,3,0,5.07,71.33,0.33,233,332,0.5,0.5,2,1,15,4,1,3,0,0,1,2,0,0,0,0,0,0,0,0,1,0,0,0.22,0.4,0.23,0.78,0.45,0.57,0.34,0.84,1.75,0,0.89,0,1,2,0,1
424,ansible-nas,18,2,1,3,3,0,5.28,64.5,0.25,234,332,0.5,0.5,0,1,15,4,1,3,0,0,0,3,0,0,0,0,0,0,0,0,1,0,0,0.22,0.4,0.23,0.79,0.46,0.57,0.34,0.84,1.75,0,0.89,0,1,2,0,1
425,ansible-nas,21,3,1,6,4,2,4.41,3.5,1,85,324,0.03,0.12,3,1,16,4,1,3,0,0,3,0,0,0,0,0,0,0,0,0,1,0,0,0.19,0.45,0.38,0.03,0,0.47,0.34,0.84,1.75,0,0.89,0,1,2,0,1
426,ansible-nas,20,3,1,6,4,2,4.51,15,0.67,117,324,0.05,0.5,3,1,15,4,1,3,0,0,3,0,0,0,0,0,0,0,0,0,1,0,0,0.2,0.45,0.33,0.22,0.22,0.52,0.34,0.84,1.75,0,0.89,0,1,2,0,1
427,ansible-nas,20,4,1,6,4,2,4.97,54.25,0.75,244,324,0.05,0.5,1,1,15,4,1,3,0,0,1,2,0,0,0,0,0,0,0,0,1,0,0,0.2,0.4,0.23,0.8,0.46,0.62,0.34,0.84,1.75,0,0.89,0,1,2,0,1
428,ansible-nas,20,2,1,6,4,2,5.08,52.2,0.6,245,324,0.05,0.5,0,1,15,4,1,3,0,0,0,3,0,0,0,0,0,0,0,0,1,0,0,0.2,0.4,0.23,0.8,0.46,0.62,0.34,0.84,1.75,0,0.89,0,1,2,0,1
429,ansible-nas,39,39,0,177,150,27,89,151,27,3,103,0,0,0,0,0,17,0,2,0,2,0,2,0,0,0,0,0,0,0,0,0,0,0,0.1,0.45,0.38,1,0,0.63,0.34,0.84,1.99,0,0.99,0,1,2,0,1
430,ansible-nas,40,1,0,177,150,27,88.52,76,14.5,3,103,0.03,0.08,0,0,0,18,0,2,0,2,0,2,0,0,0,0,0,0,0,0,0,0,0,0.1,0.45,0.37,1.01,0.01,0.63,0.34,0.84,1.99,0,0.99,0,1,2,0,1
431,ansible-nas,57,2,0,177,150,27,86.17,22.57,4.29,4,103,0.04,0.5,0,1,0,24,0,2,0,2,0,2,0,0,0,0,0,0,0,0,0,0,0,0.07,0.45,0.37,1.01,0.02,0.63,0.34,0.84,1.99,0,0.99,0,1,2,0,1
432,ansible-nas,18,3,1,177,150,27,89,151,27,85,345,0.03,0.25,3,1,15,4,1,3,0,0,3,0,0,0,0,0,0,0,0,0,1,0,0,0.22,0.45,0.38,1,0,0.63,0.34,0.84,1.75,0,0.89,0,1,2,0,1
433,ansible-nas,18,4,1,177,150,27,89.47,161.5,14,230,345,0.05,0.5,1,1,15,4,1,3,0,0,1,2,0,0,0,0,0,0,0,0,1,0,0,0.22,0.4,0.23,1.28,0.46,0.73,0.34,0.84,1.75,0,0.89,0,1,2,0,1
434,ansible-nas,18,2,1,177,150,27,89.22,122.33,9.33,231,345,0.05,0.5,0,1,15,4,1,3,0,0,0,3,0,0,0,0,0,0,0,0,1,0,0,0.22,0.4,0.23,1.28,0.46,0.73,0.34,0.84,1.75,0,0.89,0,1,2,0,1
435,ansible-nas,37,60,0,124,60,64,38.78,33.4,19.2,3,103,0.05,0.38,0,0,0,18,0,2,0,2,0,2,0,0,0,0,0,0,0,0,0,0,0,0.11,0.45,0.38,0.7,0,0.57,0.34,0.84,1.98,0,0.99,0,1,2,0,1
436,ansible-nas,36,1,0,125,60,65,38.78,33.67,17.33,3,103,0.07,1,0,0,0,18,0,2,0,2,0,2,0,0,0,0,0,0,0,0,0,0,0,0.11,0.44,0.32,0.83,0.15,0.6,0.34,0.84,1.98,0,0.99,0.08,1,2,0,1
437,ansible-nas,21,3,1,6,4,2,4.41,3.5,1,3,238,0.03,0.12,4,1,16,4,1,3,0,0,3,0,0,0,0,0,0,0,0,0,1,0,0,0.19,0.45,0.38,0.03,0,0.47,0.34,0.84,1.75,0,0.89,0,1,2,0,1
438,ansible-nas,20,3,1,6,4,2,4.51,15,0.67,28,238,0.05,0.5,4,1,15,4,1,3,0,0,3,0,0,0,0,0,0,0,0,0,1,0,0,0.2,0.45,0.33,0.22,0.22,0.52,0.34,0.84,1.75,0,0.89,0,1,2,0,1
439,ansible-nas,20,4,1,6,4,2,4.97,54.25,0.75,94,238,0.05,0.5,2,1,15,4,1,3,0,0,1,2,0,0,0,0,0,0,0,0,1,0,0,0.2,0.4,0.23,0.8,0.46,0.62,0.34,0.84,1.75,0,0.89,0,1,2,0,1
440,ansible-nas,20,2,1,6,4,2,5.08,52.2,0.6,95,238,0.05,0.5,0,1,15,4,1,3,0,0,0,3,0,0,0,0,0,0,0,0,1,0,0,0.2,0.4,0.23,0.8,0.46,0.62,0.34,0.84,1.75,0,0.89,0,1,2,0,1
441,ansible-nas,49,82,0,138,64,74,47.8,37,25.67,4,103,0.04,0.25,0,0,0,24,0,2,0,2,0,2,0,0,0,0,0,0,0,0,0,0,0,0.08,0.45,0.38,0.78,0,0.59,0.34,0.84,1.99,0,0.99,0,1,2,0,1
442,ansible-nas,48,1,0,138,64,74,47.88,47.29,25.29,5,103,0.05,0.75,0,0,0,24,0,2,0,2,0,2,0,0,0,0,0,0,0,0,0,0,0,0.08,0.41,0.25,1.11,0.35,0.67,0.34,0.84,1.99,0,0.99,0,1,2,0,1
443,ansible-nas,18,3,1,177,150,27,89,151,27,85,345,0.03,0.25,3,1,15,4,1,3,0,0,3,0,0,0,0,0,0,0,0,0,1,0,0,0.22,0.45,0.38,1,0,0.63,0.34,0.84,1.75,0,0.89,0,1,2,0,1
444,ansible-nas,18,4,1,177,150,27,89.47,161.5,14,230,345,0.05,0.5,1,1,15,4,1,3,0,0,1,2,0,0,0,0,0,0,0,0,1,0,0,0.22,0.4,0.23,1.28,0.46,0.73,0.34,0.84,1.75,0,0.89,0,1,2,0,1
445,ansible-nas,18,2,1,177,150,27,89.22,122.33,9.33,231,345,0.05,0.5,0,1,15,4,1,3,0,0,0,3,0,0,0,0,0,0,0,0,1,0,0,0.22,0.4,0.23,1.28,0.46,0.73,0.34,0.84,1.75,0,0.89,0,1,2,0,1
446,ansible-nas,18,3,1,177,150,27,89,151,27,74,332,0.03,0.25,0,1,15,4,1,3,0,0,0,3,0,0,0,0,0,0,0,0,1,0,0,0.22,0.45,0.38,1,0,0.63,0.34,0.84,1.75,0,0.89,0,1,2,0,1
447,ansible-nas,19,3,1,6,5,1,3.61,3.33,0.33,75,332,1,0.12,4,1,16,4,1,3,0,0,3,0,0,0,0,0,0,0,0,0,1,0,0,0.21,0.45,0.38,0.03,0,0.02,0.34,0.84,1.75,0,0.89,0,1,2,0,1
448,ansible-nas,18,3,1,6,5,1,3.68,12,0.25,107,332,0.5,0.5,4,1,15,4,1,3,0,0,3,0,0,0,0,0,0,0,0,0,1,0,0,0.22,0.45,0.33,0.21,0.21,0.48,0.34,0.84,1.75,0,0.89,0,1,2,0,1
449,ansible-nas,18,4,1,6,5,1,3.99,44,0.4,233,332,0.5,0.5,2,1,15,4,1,3,0,0,1,2,0,0,0,0,0,0,0,0,1,0,0,0.22,0.4,0.23,0.79,0.45,0.57,0.34,0.84,1.75,0,0.89,0,1,2,0,1
450,ansible-nas,18,2,1,6,5,1,4.07,44,0.33,234,332,0.5,0.5,0,1,15,4,1,3,0,0,0,3,0,0,0,0,0,0,0,0,1,0,0,0.22,0.4,0.23,0.79,0.46,0.57,0.34,0.84,1.75,0,0.89,0,1,2,0,1
451,ansible-nas,10,2,1,177,150,27,89,151,27,87,238,0.03,0.12,0,1,9,5,1,1,0,0,0,1,0,0,0,0,0,0,0,1,0,0,0,0.2,0.45,0.38,1,0,0.63,0.34,0.84,1.98,0,0.99,0,1,2,0,1
452,ansible-nas,33,50,0,73,36,37,26.71,18.33,14,4,104,0.02,0.12,0,0,0,15,0,2,0,2,0,2,0,0,0,0,0,0,0,0,0,0,0,0.12,0.45,0.38,0.41,0,0.53,0.34,0.84,1.99,0,0.99,0,1,2,0,1
453,ansible-nas,32,1,0,74,36,38,26.74,22.5,12.5,4,104,0.04,0.5,0,0,0,14,0,2,0,2,0,2,0,0,0,0,0,0,0,0,0,0,0,0.12,0.44,0.32,0.59,0.15,0.56,0.34,0.84,1.99,0,0.99,0.08,1,2,0,1
454,ansible-nas,18,3,1,177,150,27,89,151,27,75,332,0.03,0.25,0,1,15,4,1,3,0,0,0,3,0,0,0,0,0,0,0,0,1,0,0,0.22,0.45,0.38,1,0,0.63,0.34,0.84,1.75,0,0.89,0,1,2,0,1
455,ansible-nas,36,53,0,3,0,3,2.96,1,2,1,104,0.02,0.12,0,1,0,16,0,2,0,2,0,2,0,0,0,0,0,0,0,0,0,0,0,0.11,0.45,0.38,0.02,0,0.46,0.34,0.84,1.99,0,0.99,0,1,2,0,1
456,ansible-nas,35,3,0,3,0,3,3.09,14,4.33,1,104,0.05,0.5,0,1,0,16,0,2,0,2,0,2,0,0,0,0,0,0,0,0,0,0,0,0.11,0.44,0.32,0.25,0.15,0.5,0.34,0.84,1.99,0,0.99,0,1,2,0,1
457,ansible-nas,84,142,0,5,1,4,5.88,2,4,2,106,0.02,0.12,0,0,0,42,0,2,0,2,0,2,0,0,0,0,0,0,0,0,0,0,0,0.05,0.45,0.38,0.03,0,0.47,0.34,0.84,1.99,0,1,0,1,2,0,1
458,ansible-nas,82,2,0,5,1,4,6.58,55.5,13.5,2,106,0.04,0.5,0,0,0,41,0,2,0,2,0,2,0,0,0,0,0,0,0,0,0,0,0,0.05,0.41,0.25,0.61,0.34,0.56,0.34,0.84,1.99,0,1,0,1,2,0,1
459,ansible-nas,45,1,0,262,194,68,48.81,60.2,18,3,103,0.05,0.75,0,0,0,21,0,2,0,2,0,2,0,0,0,0,0,0,0,0,0,0,0,0.09,0.45,0.38,1.48,0.01,0.77,0.34,0.84,1.99,0,0.99,0,1,2,0,1
460,ansible-nas,25,3,1,177,150,27,89,151,27,8,332,0.03,0.25,0,2,21,4,1,4,0,0,0,4,0,0,0,0,0,0,0,0,1,0,0,0.2,0.45,0.38,1,0,0.63,0.34,0.84,1.75,0,0.89,0,1,2,0,1
461,ansible-nas,76,121,0,123,62,61,20.25,19.25,8.25,3,103,0.05,0.38,0,0,0,36,0,2,0,2,0,2,0,0,0,0,0,0,0,0,0,0,0,0.05,0.45,0.38,0.7,0,0.57,0.34,0.84,1.99,0,1,0,1,2,0,1
462,ansible-nas,74,2,0,123,62,61,20.25,19.33,7.78,3,103,0.07,1,0,0,0,35,0,2,0,2,0,2,0,0,0,0,0,0,0,0,0,0,0,0.05,0.45,0.38,0.79,0,0.59,0.34,0.84,1.99,0,1,0,1,2,0,1
463,ansible-nas,15,4,0,1,0,1,1.98,1,1,1,100,0,0,0,0,0,6,0,2,0,0,0,2,0,0,0,0,0,0,0,0,0,0,0,0.13,0.45,0.38,0.01,0,0.46,0.34,0.84,1.47,0,0.79,0,1,2,0,1
464,ansible-nas,18,3,1,177,150,27,89,151,27,75,332,0.03,0.25,0,1,15,4,1,3,0,0,0,3,0,0,0,0,0,0,0,0,1,0,0,0.22,0.45,0.38,1,0,0.63,0.34,0.84,1.75,0,0.89,0,1,2,0,1
465,ansible-nas,44,6,0,140,66,74,35.57,27.67,18,3,103,0.04,0.5,0,0,0,21,0,2,0,2,0,2,0,0,0,0,0,0,0,0,0,0,0,0.09,0.45,0.38,0.79,0,0.59,0.34,0.84,1.99,0,0.99,0,1,2,0,1
466,ansible-nas,18,3,1,177,150,27,89,151,27,75,332,0.03,0.25,0,1,15,4,1,3,0,0,0,3,0,0,0,0,0,0,0,0,1,0,0,0.22,0.45,0.38,1,0,0.63,0.34,0.84,1.75,0,0.89,0,1,2,0,1
467,ansible-nas,41,6,0,141,67,74,34.19,26.89,17.33,3,103,0.04,0.5,0,0,0,20,0,2,0,2,0,2,0,0,0,0,0,0,0,0,0,0,0,0.1,0.45,0.38,0.8,0,0.59,0.34,0.84,1.99,0,0.99,0,1,2,0,1
468,ansible-nas,25,3,1,177,150,27,89,151,27,85,345,0.03,0.25,0,2,21,4,1,4,0,0,0,4,0,0,0,0,0,0,0,0,1,0,0,0.2,0.45,0.38,1,0,0.63,0.34,0.84,1.75,0,0.89,0,1,2,0,1
469,ansible-nas,19,6,1,177,150,27,89,151,27,85,345,0.03,0.12,0,1,16,4,1,3,0,0,0,3,0,0,0,0,0,0,0,0,1,0,0,0.21,0.45,0.38,1,0,0.63,0.34,0.84,1.75,0,0.89,0,1,2,0,1
470,ansible-nas,18,3,1,177,150,27,88.64,85.5,15.5,90,345,0.03,0.25,0,1,15,4,1,3,0,0,0,3,0,0,0,0,0,0,0,0,1,0,0,0.22,0.45,0.38,1.05,0,0.64,0.34,0.84,1.75,0,0.89,0,1,2,0,1
471,ansible-nas,18,3,1,177,150,27,89,151,27,85,345,0.03,0.25,0,1,15,4,1,3,0,0,0,3,0,0,0,0,0,0,0,0,1,0,0,0.22,0.45,0.38,1,0,0.63,0.34,0.84,1.75,0,0.89,0,1,2,0,1
472,ansible-nas,18,3,1,177,150,27,89,151,27,85,345,0.03,0.25,0,1,15,4,1,3,0,0,0,3,0,0,0,0,0,0,0,0,1,0,0,0.22,0.45,0.38,1,0,0.63,0.34,0.84,1.75,0,0.89,0,1,2,0,1
473,ansible-nas,10,2,1,177,150,27,89,151,27,87,332,0.03,0.25,0,1,9,5,1,1,0,0,0,1,0,0,0,0,0,0,0,1,0,0,0,0.2,0.45,0.38,1,0,0.63,0.34,0.84,1.98,0,0.99,0,1,2,0,1
474,ansible-nas,61,102,0,10,4,6,12.49,5,8,1,96,0.02,0.12,0,2,0,28,0,2,0,2,0,2,0,0,0,0,0,0,0,0,0,0,0,0.07,0.45,0.38,0.06,0,0.47,0.34,0.84,1.99,0,1,0,1,2,0,1
475,ansible-nas,60,1,0,10,4,6,13.16,57,15.5,1,96,0.04,0.5,0,2,0,28,0,2,0,2,0,2,0,0,0,0,0,0,0,0,0,0,0,0.07,0.41,0.25,0.62,0.34,0.56,0.34,0.84,1.99,0,1,0,1,2,0,1
476,ansible-nas,6,2,0,177,150,27,89,151,27,1,324,0.03,0.12,0,0,0,5,0,1,0,0,0,1,0,0,0,0,0,0,0,0,0,0,0,0.17,0.45,0.38,1,0,0.63,0.34,0.84,0.97,0,0.66,0,1,2,0,1
477,ansible-nas,43,1,0,258,190,68,56.97,71,22.5,4,103,0.04,0.5,0,0,0,21,0,2,0,2,0,2,0,0,0,0,0,0,0,0,0,0,0,0.09,0.45,0.38,1.46,0,0.76,0.34,0.84,1.99,0,0.99,0,1,2,0,1
478,ansible-nas,41,1,0,264,193,71,52.46,56,23.5,4,103,0.05,0.75,0,0,0,20,0,2,0,2,0,2,0,0,0,0,0,0,0,0,0,0,0,0.1,0.45,0.38,1.5,0.01,0.78,0.34,0.84,1.99,0,0.99,0,1,2,0,1
479,ansible-nas,44,1,0,177,150,27,30.99,51,9.67,4,103,0.04,0.5,0,0,0,22,0,2,0,2,0,2,0,0,0,0,0,0,0,0,0,0,0,0.09,0.45,0.38,1,0,0.63,0.34,0.84,1.99,0,0.99,0,1,2,0,1
480,ansible-nas,69,122,0,124,60,64,45.54,37.2,23,2,97,0.04,0.25,0,0,0,36,0,2,0,2,0,2,0,0,0,0,0,0,0,0,0,0,0,0.06,0.45,0.38,0.7,0,0.57,0.34,0.84,1.99,0,0.99,0,1,2,0,1
481,ansible-nas,68,1,0,124,60,64,45.64,49.17,23,3,97,0.05,0.75,0,0,0,35,0,2,0,2,0,2,0,0,0,0,0,0,0,0,0,0,0,0.06,0.41,0.25,1.04,0.34,0.65,0.34,0.84,1.99,0,0.99,0,1,2,0,1
482,ansible-nas,47,76,0,22,9,13,13.23,5.5,8.5,2,103,0.02,0.12,0,0,0,22,0,2,0,2,0,2,0,0,0,0,0,0,0,0,0,0,0,0.09,0.45,0.38,0.12,0.01,0.48,0.34,0.84,1.99,0,1,0,1,2,0,1
483,ansible-nas,46,1,0,22,9,13,13.57,40,13.33,2,103,0.04,0.5,0,0,0,22,0,2,0,2,0,2,0,0,0,0,0,0,0,0,0,0,0,0.09,0.41,0.25,0.65,0.34,0.57,0.34,0.84,1.99,0,1,0,1,2,0,1
484,ansible-nas,45,74,0,123,62,61,40.66,38.5,16.75,4,103,0.04,0.25,0,0,0,21,0,2,0,2,0,2,0,0,0,0,0,0,0,0,0,0,0,0.09,0.45,0.38,0.7,0,0.57,0.34,0.84,1.99,0,0.99,0,1,2,0,1
485,ansible-nas,44,1,0,123,62,61,40.68,38.8,15.2,4,103,0.05,0.75,0,0,0,20,0,2,0,2,0,2,0,0,0,0,0,0,0,0,0,0,0,0.09,0.44,0.32,0.82,0.15,0.6,0.34,0.84,1.99,0,0.99,0,1,2,0,1
486,ansible-nas,18,3,1,177,150,27,89,151,27,75,332,0.03,0.25,0,1,15,4,1,3,0,0,0,3,0,0,0,0,0,0,0,0,1,0,0,0.22,0.45,0.38,1,0,0.63,0.34,0.84,1.75,0,0.89,0,1,2,0,1
487,ansible-nas,46,1,0,258,190,68,56.73,71,22.25,4,103,0.05,0.75,0,0,0,22,0,2,0,2,0,2,0,0,0,0,0,0,0,0,0,0,0,0.09,0.45,0.38,1.46,0,0.76,0.34,0.84,1.99,0,0.99,0,1,2,0,1
488,ansible-nas,26,3,1,4,4,0,4.92,5,0,85,345,0.2,0.12,4,2,22,4,1,4,0,0,4,0,0,0,0,0,0,0,0,0,1,0,0,0.19,0.45,0.38,0.02,0,0.37,0.34,0.84,1.75,0,0.89,0,1,2,0,1
489,ansible-nas,25,3,1,4,4,0,5.1,21.5,0,102,345,0.29,0.5,4,2,21,4,1,4,0,0,4,0,0,0,0,0,0,0,0,0,1,0,0,0.2,0.45,0.33,0.21,0.21,0.5,0.34,0.84,1.75,0,0.89,0,1,2,0,1
490,ansible-nas,25,4,1,4,4,0,6.03,71.67,0.33,170,345,0.29,0.5,2,2,21,4,1,4,0,0,2,2,0,0,0,0,0,0,0,0,1,0,0,0.2,0.4,0.23,0.79,0.46,0.59,0.34,0.84,1.75,0,0.89,0,1,2,0,1
491,ansible-nas,25,4,1,4,4,0,6.24,64.75,0.25,170,345,0.29,0.5,0,2,21,4,1,4,0,0,0,4,0,0,0,0,0,0,0,0,1,0,0,0.2,0.4,0.23,0.79,0.46,0.59,0.34,0.84,1.75,0,0.89,0,1,2,0,1
492,ansible-nas,18,3,1,177,150,27,89,151,27,86,345,0.03,0.25,0,1,15,4,1,3,0,0,0,3,0,0,0,0,0,0,0,0,1,0,0,0.22,0.45,0.38,1,0,0.63,0.34,0.84,1.75,0,0.89,0,1,2,0,1
493,ansible-nas,43,70,0,124,60,64,38.58,33.4,19,4,103,0.05,0.38,0,0,0,20,0,2,0,2,0,2,0,0,0,0,0,0,0,0,0,0,0,0.09,0.45,0.38,0.7,0,0.57,0.34,0.84,1.99,0,0.99,0,1,2,0,1
494,ansible-nas,42,1,0,125,60,65,38.59,33.67,17.17,4,103,0.07,1,0,0,0,20,0,2,0,2,0,2,0,0,0,0,0,0,0,0,0,0,0,0.1,0.44,0.32,0.83,0.15,0.6,0.34,0.84,1.99,0,0.99,0.08,1,2,0,1
495,ansible-nas,45,14,0,72,36,36,21.26,14,11.5,2,101,0.02,0.25,0,4,0,5,0,7,0,0,0,7,0,0,0,0,0,0,0,0,0,0,0,0.16,0.45,0.38,0.41,0,0.53,0.34,0.84,1.74,0,0.88,0,1,2,0,1
496,ansible-nas,18,3,1,177,150,27,89,151,27,86,345,0.03,0.25,0,1,15,4,1,3,0,0,0,3,0,0,0,0,0,0,0,0,1,0,0,0.22,0.45,0.38,1,0,0.63,0.34,0.84,1.75,0,0.89,0,1,2,0,1
497,ansible-nas,10,2,1,3,3,0,3.94,4,0,87,332,0.5,0.25,0,1,9,5,1,1,0,0,0,1,0,0,0,0,0,0,0,1,0,0,0,0.2,0.45,0.38,0.02,0,0.01,0.34,0.84,1.98,0,0.99,0,1,2,0,1
498,ansible-nas,77,10,0,124,60,64,24.72,19,10.78,3,103,0.07,1,0,0,0,36,0,2,0,2,0,2,0,0,0,0,0,0,0,0,0,0,0,0.05,0.45,0.38,0.7,0,0.57,0.34,0.84,1.99,0,1,0,1,2,0,1
499,ansible-nas,77,2,0,124,60,64,24.79,30.8,9.8,3,103,0.07,1,0,0,0,36,0,2,0,2,0,2,0,0,0,0,0,0,0,0,0,0,0,0.05,0.44,0.32,1.05,0.27,0.67,0.34,0.84,1.99,0,1,0,1,2,0,1
500,ansible-nas,18,3,1,177,150,27,89,151,27,75,332,0.03,0.25,0,1,15,4,1,3,0,0,0,3,0,0,0,0,0,0,0,0,1,0,0,0.22,0.45,0.38,1,0,0.63,0.34,0.84,1.75,0,0.89,0,1,2,0,1
501,ansible-nas,10,2,1,3,3,0,3.94,4,0,87,332,0.5,0.25,0,1,9,5,1,1,0,0,0,1,0,0,0,0,0,0,0,1,0,0,0,0.2,0.45,0.38,0.02,0,0.01,0.34,0.84,1.98,0,0.99,0,1,2,0,1
502,ansible-nas,19,3,1,6,5,1,3.61,3.33,0.33,85,345,1,0.12,3,1,16,4,1,3,0,0,3,0,0,0,0,0,0,0,0,0,1,0,0,0.21,0.45,0.38,0.03,0,0.02,0.34,0.84,1.75,0,0.89,0,1,2,0,1
503,ansible-nas,18,3,1,6,5,1,3.68,12,0.25,117,345,0.5,0.5,3,1,15,4,1,3,0,0,3,0,0,0,0,0,0,0,0,0,1,0,0,0.22,0.45,0.33,0.21,0.21,0.48,0.34,0.84,1.75,0,0.89,0,1,2,0,1
504,ansible-nas,18,4,1,6,5,1,3.99,44,0.4,247,345,0.5,0.5,1,1,15,4,1,3,0,0,1,2,0,0,0,0,0,0,0,0,1,0,0,0.22,0.4,0.23,0.79,0.45,0.57,0.34,0.84,1.75,0,0.89,0,1,2,0,1
505,ansible-nas,18,2,1,6,5,1,4.07,44,0.33,248,345,0.5,0.5,0,1,15,4,1,3,0,0,0,3,0,0,0,0,0,0,0,0,1,0,0,0.22,0.4,0.23,0.79,0.46,0.57,0.34,0.84,1.75,0,0.89,0,1,2,0,1
506,ansible-nas,47,14,0,72,36,36,20.74,11.4,8.8,1,101,0.02,0.25,0,2,0,5,0,7,0,0,0,7,0,0,0,0,0,0,0,0,0,0,0,0.15,0.45,0.38,0.41,0,0.53,0.34,0.84,1.75,0,0.89,0,1,2,0,1
507,ansible-nas,52,88,0,122,62,60,27.27,24.43,11.71,3,103,0.07,0.38,0,0,0,25,0,2,0,2,0,2,0,0,0,0,0,0,0,0,0,0,0,0.08,0.45,0.38,0.69,0,0.55,0.34,0.84,1.99,0,0.99,0,1,2,0,1
508,ansible-nas,51,1,0,122,62,60,27.27,23.88,10.75,3,103,0.1,1,0,0,0,24,0,2,0,2,0,2,0,0,0,0,0,0,0,0,0,0,0,0.08,0.45,0.38,0.79,0,0.57,0.34,0.84,1.99,0,0.99,0,1,2,0,1
509,ansible-nas,18,3,1,177,150,27,89,151,27,75,332,0.03,0.25,4,1,15,4,1,3,0,0,3,0,0,0,0,0,0,0,0,0,1,0,0,0.22,0.45,0.38,1,0,0.63,0.34,0.84,1.75,0,0.89,0,1,2,0,1
510,ansible-nas,18,4,1,177,150,27,89.47,161.5,14,226,332,0.05,0.5,2,1,15,4,1,3,0,0,1,2,0,0,0,0,0,0,0,0,1,0,0,0.22,0.4,0.23,1.28,0.46,0.73,0.34,0.84,1.75,0,0.89,0,1,2,0,1
511,ansible-nas,18,2,1,177,150,27,89.22,122.33,9.33,227,332,0.05,0.5,0,1,15,4,1,3,0,0,0,3,0,0,0,0,0,0,0,0,1,0,0,0.22,0.4,0.23,1.28,0.46,0.73,0.34,0.84,1.75,0,0.89,0,1,2,0,1
512,ansible-nas,45,1,0,262,194,68,34.87,43.29,12.57,3,103,0.09,1.25,0,0,0,22,0,2,0,2,0,2,0,0,0,0,0,0,0,0,0,0,0,0.09,0.45,0.38,1.48,0.01,0.77,0.34,0.84,1.99,0,0.99,0,1,2,0,1
513,ansible-nas,38,10,0,72,37,35,20.44,13.75,10,3,104,0.02,0.25,0,1,0,17,0,2,0,2,0,2,0,0,0,0,0,0,0,0,0,0,0,0.11,0.45,0.38,0.41,0,0.52,0.34,0.84,1.99,0,0.99,0,1,2,0,1
514,ansible-nas,68,10,0,145,71,74,28.15,19.25,11.58,3,103,0.07,1,0,0,0,34,0,2,0,2,0,2,0,0,0,0,0,0,0,0,0,0,0,0.06,0.45,0.38,0.82,0.02,0.6,0.34,0.84,1.99,0,0.99,0,1,2,0,1
515,ansible-nas,18,3,1,177,150,27,89,151,27,86,345,0.03,0.25,0,1,15,4,1,3,0,0,0,3,0,0,0,0,0,0,0,0,1,0,0,0.22,0.45,0.38,1,0,0.63,0.34,0.84,1.75,0,0.89,0,1,2,0,1
516,ansible-nas,39,62,0,118,57,61,45.97,44.33,20.67,4,103,0.03,0.25,0,0,0,18,0,2,0,2,0,2,0,0,0,0,0,0,0,0,0,0,0,0.1,0.45,0.38,0.67,0,0.57,0.34,0.84,1.99,0,0.99,0,1,2,0,1
517,ansible-nas,38,1,0,118,57,61,45.98,43.25,17.75,4,103,0.05,0.75,0,0,0,18,0,2,0,2,0,2,0,0,0,0,0,0,0,0,0,0,0,0.11,0.44,0.32,0.79,0.15,0.59,0.34,0.84,1.99,0,0.99,0,1,2,0,1
518,ansible-nas,10,2,1,177,150,27,89,151,27,87,332,0.03,0.12,0,1,9,5,1,1,0,0,0,1,0,0,0,0,0,0,0,1,0,0,0,0.2,0.45,0.38,1,0,0.63,0.34,0.84,1.98,0,0.99,0,1,2,0,1
519,ansible-nas,18,3,1,177,150,27,89,151,27,75,332,0.03,0.25,0,1,15,4,1,3,0,0,0,3,0,0,0,0,0,0,0,0,1,0,0,0.22,0.45,0.38,1,0,0.63,0.34,0.84,1.75,0,0.89,0,1,2,0,1
520,ansible-nas,28,1,0,222,167,55,38.25,47.25,17.25,2,103,0.06,0.75,0,0,0,13,0,2,0,2,0,2,0,0,0,0,0,0,0,0,0,0,0,0.14,0.45,0.38,1.26,0,0.7,0.34,0.84,1.92,0,0.96,0,1,2,0,1
521,ansible-nas,18,3,1,177,150,27,89,151,27,75,332,0.03,0.25,0,1,15,4,1,3,0,0,0,3,0,0,0,0,0,0,0,0,1,0,0,0.22,0.45,0.38,1,0,0.63,0.34,0.84,1.75,0,0.89,0,1,2,0,1
522,ansible-nas,18,3,1,177,150,27,89,151,27,85,345,0.03,0.25,0,1,15,4,1,3,0,0,0,3,0,0,0,0,0,0,0,0,1,0,0,0.22,0.45,0.38,1,0,0.63,0.34,0.84,1.75,0,0.89,0,1,2,0,1
523,ansible-nas,38,1,0,277,196,81,53.41,53.14,25.71,3,103,0.05,0.75,0,0,0,19,0,2,0,2,0,2,0,0,0,0,0,0,0,0,0,0,0,0.11,0.45,0.38,1.57,0.01,0.8,0.34,0.84,1.99,0,0.99,0,1,2,0,1
524,ansible-nas,45,74,0,124,60,64,45.15,37,22.8,4,103,0.04,0.25,0,0,0,22,0,2,0,2,0,2,0,0,0,0,0,0,0,0,0,0,0,0.09,0.45,0.38,0.7,0,0.57,0.34,0.84,1.99,0,0.99,0,1,2,0,1
525,ansible-nas,44,1,0,124,60,64,45.16,37.5,20.5,4,103,0.05,0.75,0,0,0,21,0,2,0,2,0,2,0,0,0,0,0,0,0,0,0,0,0,0.09,0.44,0.32,0.82,0.15,0.6,0.34,0.84,1.99,0,0.99,0,1,2,0,1
526,ansible-nas,18,3,1,177,150,27,89,151,27,75,332,0.03,0.25,0,1,15,4,1,3,0,0,0,3,0,0,0,0,0,0,0,0,1,0,0,0.22,0.45,0.38,1,0,0.63,0.34,0.84,1.75,0,0.89,0,1,2,0,1
527,ansible-nas,26,13,1,177,150,27,89,151,27,8,332,0.03,0.12,0,2,22,4,1,4,0,0,0,4,0,0,0,0,0,0,0,0,1,0,0,0.19,0.45,0.38,1,0,0.63,0.34,0.84,1.75,0,0.89,0,1,2,0,1
528,ansible-nas,25,3,1,177,150,27,88.64,85.5,15.5,12,332,0.03,0.25,0,2,21,4,1,4,0,0,0,4,0,0,0,0,0,0,0,0,1,0,0,0.2,0.45,0.38,1.05,0,0.64,0.34,0.84,1.75,0,0.89,0,1,2,0,1
529,ansible-nas,28,4,0,118,57,61,38.52,35.25,17.75,3,103,0.05,0.75,0,0,0,14,0,2,0,2,0,2,0,0,0,0,0,0,0,0,0,0,0,0.14,0.45,0.38,0.67,0,0.57,0.34,0.84,1.98,0,0.99,0,1,2,0,1
530,ansible-nas,19,6,1,177,150,27,89,151,27,75,332,0.03,0.12,0,1,16,4,1,3,0,0,0,3,0,0,0,0,0,0,0,0,1,0,0,0.21,0.45,0.38,1,0,0.63,0.34,0.84,1.75,0,0.89,0,1,2,0,1
531,ansible-nas,18,3,1,177,150,27,88.64,85.5,15.5,80,332,0.03,0.25,0,1,15,4,1,3,0,0,0,3,0,0,0,0,0,0,0,0,1,0,0,0.22,0.45,0.38,1.05,0,0.64,0.34,0.84,1.75,0,0.89,0,1,2,0,1
532,ansible-nas,47,1,0,262,194,68,40.84,50.33,15,3,103,0.07,1,0,0,0,22,0,2,0,2,0,2,0,0,0,0,0,0,0,0,0,0,0,0.09,0.45,0.38,1.48,0.01,0.77,0.34,0.84,1.99,0,0.99,0,1,2,0,1
533,ansible-nas,51,86,0,129,65,64,40.32,33.67,19,3,103,0.04,0.25,0,0,0,25,0,2,0,2,0,2,0,0,0,0,0,0,0,0,0,0,0,0.08,0.45,0.38,0.73,0,0.58,0.34,0.84,1.99,0,0.99,0,1,2,0,1
534,ansible-nas,50,1,0,129,65,64,40.4,44.43,19.57,3,103,0.05,0.75,0,0,0,24,0,2,0,2,0,2,0,0,0,0,0,0,0,0,0,0,0,0.08,0.41,0.25,1.07,0.34,0.66,0.34,0.84,1.99,0,0.99,0,1,2,0,1
535,ansible-nas,48,6,0,118,57,61,38.52,35.25,17.75,3,103,0.05,0.75,0,0,0,24,0,2,0,2,0,2,0,0,0,0,0,0,0,0,0,0,0,0.08,0.45,0.38,0.67,0,0.57,0.34,0.84,1.99,0,0.99,0,1,2,0,1
536,ansible-nas,42,6,0,118,57,61,26.01,23.83,11.83,3,103,0.05,0.75,0,0,0,20,0,2,0,2,0,2,0,0,0,0,0,0,0,0,0,0,0,0.1,0.45,0.38,0.67,0,0.57,0.34,0.84,1.99,0,0.99,0,1,2,0,1
537,ansible-nas,26,3,1,4,4,0,4.92,5,0,4,332,0.2,0.12,6,2,22,4,1,4,0,0,4,0,0,0,0,0,0,0,0,0,1,0,0,0.19,0.45,0.38,0.02,0,0.37,0.34,0.84,1.75,0,0.89,0,1,2,0,1
538,ansible-nas,25,3,1,4,4,0,5.1,21.5,0,30,332,0.29,0.5,6,2,21,4,1,4,0,0,4,0,0,0,0,0,0,0,0,0,1,0,0,0.2,0.45,0.33,0.21,0.21,0.5,0.34,0.84,1.75,0,0.89,0,1,2,0,1
539,ansible-nas,25,4,1,4,4,0,6.03,71.67,0.33,96,332,0.29,0.5,4,2,21,4,1,4,0,0,2,2,0,0,0,0,0,0,0,0,1,0,0,0.2,0.4,0.23,0.79,0.46,0.59,0.34,0.84,1.75,0,0.89,0,1,2,0,1
540,ansible-nas,25,4,1,4,4,0,6.24,64.75,0.25,97,332,0.29,0.5,0,2,21,4,1,4,0,0,0,4,0,0,0,0,0,0,0,0,1,0,0,0.2,0.4,0.23,0.79,0.46,0.59,0.34,0.84,1.75,0,0.89,0,1,2,0,1
541,ansible-nas,73,2,0,277,196,81,41.87,41.56,20.11,3,103,0.07,1,0,0,0,35,0,2,0,2,0,2,0,0,0,0,0,0,0,0,0,0,0,0.05,0.45,0.38,1.57,0.01,0.8,0.34,0.84,1.99,0,1,0,1,2,0,1
542,ansible-nas,18,3,1,177,150,27,89,151,27,75,332,0.03,0.25,0,1,15,4,1,3,0,0,0,3,0,0,0,0,0,0,0,0,1,0,0,0.22,0.45,0.38,1,0,0.63,0.34,0.84,1.75,0,0.89,0,1,2,0,1
543,ansible-nas,18,3,1,177,150,27,89,151,27,86,345,0.03,0.25,0,1,15,4,1,3,0,0,0,3,0,0,0,0,0,0,0,0,1,0,0,0.22,0.45,0.38,1,0,0.63,0.34,0.84,1.75,0,0.89,0,1,2,0,1
544,ansible-nas,64,106,0,10,4,6,12.49,5,8,1,96,0.02,0.12,0,0,0,29,0,2,0,2,0,2,0,0,0,0,0,0,0,0,0,0,0,0.06,0.45,0.38,0.06,0,0.47,0.34,0.84,1.99,0,1,0,1,2,0,1
545,ansible-nas,64,1,0,10,4,6,13.09,38.33,10.33,1,96,0.04,0.5,0,0,0,29,0,2,0,2,0,2,0,0,0,0,0,0,0,0,0,0,0,0.06,0.41,0.25,0.62,0.34,0.56,0.34,0.84,1.99,0,1,0,1,2,0,1
546,ansible-nas,26,13,1,177,150,27,89,151,27,85,345,0.03,0.12,0,2,22,4,1,4,0,0,0,4,0,0,0,0,0,0,0,0,1,0,0,0.19,0.45,0.38,1,0,0.63,0.34,0.84,1.75,0,0.89,0,1,2,0,1
547,ansible-nas,25,3,1,177,150,27,88.64,85.5,15.5,89,345,0.03,0.25,0,2,21,4,1,4,0,0,0,4,0,0,0,0,0,0,0,0,1,0,0,0.2,0.45,0.38,1.05,0,0.64,0.34,0.84,1.75,0,0.89,0,1,2,0,1
548,ansible-nas,6,2,0,177,150,27,89,151,27,1,345,0.03,0.12,0,0,0,5,0,1,0,0,0,1,0,0,0,0,0,0,0,0,0,0,0,0.17,0.45,0.38,1,0,0.63,0.34,0.84,0.97,0,0.66,0,1,2,0,1
549,ansible-nas,18,3,1,177,150,27,89,151,27,85,345,0.03,0.25,0,1,15,4,1,3,0,0,0,3,0,0,0,0,0,0,0,0,1,0,0,0.22,0.45,0.38,1,0,0.63,0.34,0.84,1.75,0,0.89,0,1,2,0,1
550,ansible-nas,45,74,0,133,62,71,51.4,43.25,26.5,4,103,0.04,0.25,0,0,0,22,0,2,0,2,0,2,0,0,0,0,0,0,0,0,0,0,0,0.09,0.45,0.38,0.75,0,0.59,0.34,0.84,1.99,0,0.99,0,1,2,0,1
551,ansible-nas,44,1,0,133,62,71,51.51,56.4,25.8,4,103,0.05,0.75,0,0,0,21,0,2,0,2,0,2,0,0,0,0,0,0,0,0,0,0,0,0.09,0.41,0.25,1.1,0.35,0.67,0.34,0.84,1.99,0,0.99,0,1,2,0,1
552,ansible-nas,40,64,0,124,60,64,45.15,37,22.8,4,103,0.04,0.25,0,0,0,20,0,2,0,2,0,2,0,0,0,0,0,0,0,0,0,0,0,0.1,0.45,0.38,0.7,0,0.57,0.34,0.84,1.99,0,0.99,0,1,2,0,1
553,ansible-nas,18,3,1,177,150,27,89,151,27,86,345,0.03,0.25,0,1,15,4,1,3,0,0,0,3,0,0,0,0,0,0,0,0,1,0,0,0.22,0.45,0.38,1,0,0.63,0.34,0.84,1.75,0,0.89,0,1,2,0,1
554,ansible-nas,60,10,0,138,64,74,42.86,32.71,23,3,103,0.04,0.5,0,0,0,28,0,2,0,2,0,2,0,0,0,0,0,0,0,0,0,0,0,0.07,0.45,0.38,0.78,0,0.59,0.34,0.84,1.99,0,1,0,1,2,0,1
555,ansible-nas,33,20,1,177,150,27,89,151,27,6,238,0.03,0.12,0,3,28,5,1,5,0,0,0,5,0,0,0,0,0,0,0,0,1,0,0,0.18,0.45,0.38,1,0,0.63,0.34,0.84,1.75,0,0.89,0,1,2,0,1
556,ansible-nas,32,3,1,177,150,27,88.64,85.5,15.5,10,238,0.03,0.25,0,3,27,5,1,5,0,0,0,5,0,0,0,0,0,0,0,0,1,0,0,0.19,0.45,0.38,1.05,0,0.64,0.34,0.84,1.75,0,0.89,0,1,2,0,1
557,ansible-nas,19,3,1,3,3,0,3.94,4,0,85,345,1,0.12,3,1,16,4,1,3,0,0,3,0,0,0,0,0,0,0,0,0,1,0,0,0.21,0.45,0.38,0.02,0,0.01,0.34,0.84,1.75,0,0.89,0,1,2,0,1
558,ansible-nas,18,3,1,3,3,0,4.13,21,0,117,345,0.5,0.5,3,1,15,4,1,3,0,0,3,0,0,0,0,0,0,0,0,0,1,0,0,0.22,0.45,0.33,0.21,0.21,0.48,0.34,0.84,1.75,0,0.89,0,1,2,0,1
559,ansible-nas,18,4,1,3,3,0,5.07,71.33,0.33,247,345,0.5,0.5,1,1,15,4,1,3,0,0,1,2,0,0,0,0,0,0,0,0,1,0,0,0.22,0.4,0.23,0.78,0.45,0.57,0.34,0.84,1.75,0,0.89,0,1,2,0,1
560,ansible-nas,18,2,1,3,3,0,5.28,64.5,0.25,248,345,0.5,0.5,0,1,15,4,1,3,0,0,0,3,0,0,0,0,0,0,0,0,1,0,0,0.22,0.4,0.23,0.79,0.46,0.57,0.34,0.84,1.75,0,0.89,0,1,2,0,1
561,ansible-nas,45,1,0,277,196,81,53.41,53.14,25.71,3,103,0.05,0.75,0,1,0,22,0,2,0,2,0,2,0,0,0,0,0,0,0,0,0,0,0,0.09,0.45,0.38,1.57,0.01,0.8,0.34,0.84,1.99,0,0.99,0,1,2,0,1
562,ansible-nas,18,3,1,177,150,27,89,151,27,85,345,0.03,0.25,0,1,15,4,1,3,0,0,0,3,0,0,0,0,0,0,0,0,1,0,0,0.22,0.45,0.38,1,0,0.63,0.34,0.84,1.75,0,0.89,0,1,2,0,1
563,ansible-nas,18,3,1,177,150,27,89,151,27,75,332,0.03,0.25,0,1,15,4,1,3,0,0,0,3,0,0,0,0,0,0,0,0,1,0,0,0.22,0.45,0.38,1,0,0.63,0.34,0.84,1.75,0,0.89,0,1,2,0,1
564,ansible-nas,25,36,0,82,37,45,38.68,23.33,24.67,3,103,0.02,0.12,0,0,0,12,0,2,0,2,0,2,0,0,0,0,0,0,0,0,0,0,0,0.16,0.45,0.38,0.46,0,0.53,0.34,0.84,1.93,0,0.96,0,1,2,0,1
565,ansible-nas,24,1,0,82,37,45,38.85,44.75,24.25,3,103,0.04,0.5,0,0,0,11,0,2,0,2,0,2,0,0,0,0,0,0,0,0,0,0,0,0.17,0.41,0.25,0.89,0.34,0.62,0.34,0.84,1.93,0,0.96,0,1,2,0,1
566,ansible-nas,50,77,0,118,57,61,34.97,33.5,15.75,3,103,0.04,0.25,0,1,0,23,0,2,0,2,0,2,0,0,0,0,0,0,0,0,0,0,0,0.08,0.45,0.38,0.67,0,0.57,0.34,0.84,1.99,0,0.99,0,1,2,0,1
567,ansible-nas,49,1,0,118,57,61,35.11,48.6,17.2,3,103,0.05,0.75,0,1,0,22,0,2,0,2,0,2,0,0,0,0,0,0,0,0,0,0,0,0.08,0.41,0.25,1.03,0.34,0.65,0.34,0.84,1.99,0,0.99,0,1,2,0,1
568,ansible-nas,41,66,0,118,57,61,45.97,44.33,20.67,3,103,0.03,0.25,0,0,0,20,0,2,0,2,0,2,0,0,0,0,0,0,0,0,0,0,0,0.1,0.45,0.38,0.67,0,0.57,0.34,0.84,2,0,1,0,1,2,0,1
569,ansible-nas,40,1,0,118,57,61,46.13,60.5,21.25,3,103,0.05,0.75,0,0,0,20,0,2,0,2,0,2,0,0,0,0,0,0,0,0,0,0,0,0.1,0.41,0.25,1.03,0.34,0.65,0.34,0.84,2,0,1,0,1,2,0,1
570,ansible-nas,44,72,0,118,57,61,45.97,44.33,20.67,4,103,0.03,0.25,0,0,0,21,0,2,0,2,0,2,0,0,0,0,0,0,0,0,0,0,0,0.09,0.45,0.38,0.67,0,0.57,0.34,0.84,1.99,0,0.99,0,1,2,0,1
571,ansible-nas,42,2,0,119,57,62,45.97,42,17.5,4,103,0.05,0.75,0,0,0,20,0,2,0,2,0,2,0,0,0,0,0,0,0,0,0,0,0,0.1,0.44,0.32,0.8,0.15,0.6,0.34,0.84,1.99,0,0.99,0.08,1,2,0,1
572,ansible-nas,18,3,1,177,150,27,89,151,27,75,332,0.03,0.25,4,1,15,4,1,3,0,0,3,0,0,0,0,0,0,0,0,0,1,0,0,0.22,0.45,0.38,1,0,0.63,0.34,0.84,1.75,0,0.89,0,1,2,0,1
573,ansible-nas,18,4,1,177,150,27,89.47,161.5,14,226,332,0.05,0.5,2,1,15,4,1,3,0,0,1,2,0,0,0,0,0,0,0,0,1,0,0,0.22,0.4,0.23,1.28,0.46,0.73,0.34,0.84,1.75,0,0.89,0,1,2,0,1
574,ansible-nas,18,2,1,177,150,27,89.22,122.33,9.33,227,332,0.05,0.5,0,1,15,4,1,3,0,0,0,3,0,0,0,0,0,0,0,0,1,0,0,0.22,0.4,0.23,1.28,0.46,0.73,0.34,0.84,1.75,0,0.89,0,1,2,0,1
575,ansible-nas,42,1,0,264,193,71,45.11,48.14,20.14,4,103,0.05,0.75,0,0,0,20,0,2,0,2,0,2,0,0,0,0,0,0,0,0,0,0,0,0.1,0.45,0.38,1.5,0.01,0.78,0.34,0.84,1.99,0,0.99,0,1,2,0,1
576,ansible-nas,18,3,1,177,150,27,89,151,27,72,241,0.03,0.25,0,1,15,4,1,3,0,0,0,3,0,0,0,0,0,0,0,0,1,0,0,0.22,0.45,0.38,1,0,0.63,0.34,0.84,1.75,0,0.89,0,1,2,0,1
577,ansible-nas,25,3,1,177,150,27,89,151,27,8,332,0.03,0.25,0,2,21,4,1,4,0,0,0,4,0,0,0,0,0,0,0,0,1,0,0,0.2,0.45,0.38,1,0,0.63,0.34,0.84,1.75,0,0.89,0,1,2,0,1
578,ansible-nas,18,3,1,177,150,27,89,151,27,85,345,0.03,0.25,0,1,15,4,1,3,0,0,0,3,0,0,0,0,0,0,0,0,1,0,0,0.22,0.45,0.38,1,0,0.63,0.34,0.84,1.75,0,0.89,0,1,2,0,1
579,ansible-nas,10,2,1,2,2,0,2.97,3,0,87,332,0.5,0.25,0,1,9,5,1,1,0,0,0,1,0,0,0,0,0,0,0,1,0,0,0,0.2,0.45,0.38,0.01,0,0.01,0.34,0.84,1.98,0,0.99,0,1,2,0,1
580,ansible-nas,42,68,0,123,62,61,38.52,37.5,15.5,4,103,0.05,0.38,0,0,0,20,0,2,0,2,0,2,0,0,0,0,0,0,0,0,0,0,0,0.1,0.45,0.38,0.7,0,0.57,0.34,0.84,1.99,0,0.99,0,1,2,0,1
581,ansible-nas,41,1,0,123,62,61,38.53,38,14.2,4,103,0.07,1,0,0,0,20,0,2,0,2,0,2,0,0,0,0,0,0,0,0,0,0,0,0.1,0.44,0.32,0.82,0.15,0.6,0.34,0.84,1.99,0,0.99,0,1,2,0,1
582,ansible-nas,19,3,1,3,3,0,3.94,4,0,85,345,1,0.12,3,1,16,4,1,3,0,0,3,0,0,0,0,0,0,0,0,0,1,0,0,0.21,0.45,0.38,0.02,0,0.01,0.34,0.84,1.75,0,0.89,0,1,2,0,1
583,ansible-nas,18,3,1,3,3,0,4.13,21,0,117,345,0.5,0.5,3,1,15,4,1,3,0,0,3,0,0,0,0,0,0,0,0,0,1,0,0,0.22,0.45,0.33,0.21,0.21,0.48,0.34,0.84,1.75,0,0.89,0,1,2,0,1
584,ansible-nas,18,4,1,3,3,0,5.07,71.33,0.33,247,345,0.5,0.5,1,1,15,4,1,3,0,0,1,2,0,0,0,0,0,0,0,0,1,0,0,0.22,0.4,0.23,0.78,0.45,0.57,0.34,0.84,1.75,0,0.89,0,1,2,0,1
585,ansible-nas,18,2,1,3,3,0,5.28,64.5,0.25,248,345,0.5,0.5,0,1,15,4,1,3,0,0,0,3,0,0,0,0,0,0,0,0,1,0,0,0.22,0.4,0.23,0.79,0.46,0.57,0.34,0.84,1.75,0,0.89,0,1,2,0,1
586,ansible-nas,39,57,0,10,4,6,12.49,5,8,1,96,0.02,0.12,0,0,0,18,0,2,0,2,0,2,0,0,0,0,0,0,0,0,0,0,0,0.1,0.45,0.38,0.06,0,0.47,0.34,0.84,1.92,0,0.96,0,1,2,0,1
587,ansible-nas,37,10,0,10,4,6,13.16,57,15.5,1,96,0.04,0.5,0,0,0,18,0,2,0,2,0,2,0,0,0,0,0,0,0,0,0,0,0,0.11,0.41,0.25,0.62,0.34,0.56,0.34,0.84,1.92,0,0.96,0,1,2,0,1
588,ansible-nas,18,3,1,177,150,27,89,151,27,86,345,0.03,0.25,0,1,15,4,1,3,0,0,0,3,0,0,0,0,0,0,0,0,1,0,0,0.22,0.45,0.38,1,0,0.63,0.34,0.84,1.75,0,0.89,0,1,2,0,1
589,ansible-nas,36,4,0,12,9,3,8.61,7,2,2,104,0.04,0.5,0,0,0,18,0,2,0,2,0,2,0,0,0,0,0,0,0,0,0,0,0,0.11,0.45,0.38,0.07,0,0.48,0.34,0.84,1.98,0,0.99,0,1,2,0,1
590,ansible-nas,10,2,1,4,3,1,4.92,4,1,87,332,0.5,0.25,0,1,9,5,1,1,0,0,0,1,0,0,0,0,0,0,0,1,0,0,0,0.2,0.45,0.38,0.02,0,0.01,0.34,0.84,1.98,0,0.99,0,1,2,0,1
591,ansible-nas,18,3,1,177,150,27,89,151,27,76,332,0.03,0.25,0,1,15,4,1,3,0,0,0,3,0,0,0,0,0,0,0,0,1,0,0,0.22,0.45,0.38,1,0,0.63,0.34,0.84,1.75,0,0.89,0,1,2,0,1
592,ansible-nas,44,72,0,2,0,2,2.97,1,2,4,103,0.02,0.12,0,0,0,22,0,2,0,2,0,2,0,0,0,0,0,0,0,0,0,0,0,0.09,0.45,0.38,0.01,0,0.46,0.34,0.84,1.99,0,0.99,0,1,2,0,1
593,ansible-nas,43,1,0,2,0,2,3.68,55,12.5,4,103,0.04,0.5,0,0,0,21,0,2,0,2,0,2,0,0,0,0,0,0,0,0,0,0,0,0.09,0.41,0.25,0.6,0.34,0.56,0.34,0.84,1.99,0,0.99,0,1,2,0,1
594,ansible-nas,6,2,0,177,150,27,89,151,27,1,345,0.03,0.12,0,0,0,5,0,1,0,0,0,1,0,0,0,0,0,0,0,0,0,0,0,0.17,0.45,0.38,1,0,0.63,0.34,0.84,0.97,0,0.66,0,1,2,0,1
595,ansible-nas,18,3,1,177,150,27,89,151,27,76,332,0.03,0.25,0,1,15,4,1,3,0,0,0,3,0,0,0,0,0,0,0,0,1,0,0,0.22,0.45,0.38,1,0,0.63,0.34,0.84,1.75,0,0.89,0,1,2,0,1
596,ansible-nas,19,3,1,2,2,0,2.97,3,0,75,332,1,0.12,4,1,16,4,1,3,0,0,3,0,0,0,0,0,0,0,0,0,1,0,0,0.21,0.45,0.38,0.01,0,0.01,0.34,0.84,1.75,0,0.89,0,1,2,0,1
597,ansible-nas,18,3,1,2,2,0,3.16,20.5,0,107,332,0.5,0.5,4,1,15,4,1,3,0,0,3,0,0,0,0,0,0,0,0,0,1,0,0,0.22,0.45,0.33,0.21,0.21,0.48,0.34,0.84,1.75,0,0.89,0,1,2,0,1
598,ansible-nas,18,4,1,2,2,0,4.1,71,0.33,233,332,0.5,0.5,2,1,15,4,1,3,0,0,1,2,0,0,0,0,0,0,0,0,1,0,0,0.22,0.4,0.23,0.78,0.45,0.57,0.34,0.84,1.75,0,0.89,0,1,2,0,1
599,ansible-nas,18,2,1,2,2,0,4.32,64.25,0.25,234,332,0.5,0.5,0,1,15,4,1,3,0,0,0,3,0,0,0,0,0,0,0,0,1,0,0,0.22,0.4,0.23,0.79,0.46,0.57,0.34,0.84,1.75,0,0.89,0,1,2,0,1
600,ansible-nas,33,20,1,177,150,27,89,151,27,84,324,0.03,0.12,0,3,28,5,1,5,0,0,0,5,0,0,0,0,0,0,0,0,1,0,0,0.18,0.45,0.38,1,0,0.63,0.34,0.84,1.75,0,0.89,0,1,2,0,1
601,ansible-nas,32,3,1,177,150,27,88.64,85.5,15.5,88,324,0.03,0.25,0,3,27,5,1,5,0,0,0,5,0,0,0,0,0,0,0,0,1,0,0,0.19,0.45,0.38,1.05,0,0.64,0.34,0.84,1.75,0,0.89,0,1,2,0,1
602,ansible-nas,18,3,1,177,150,27,89,151,27,85,345,0.03,0.25,0,1,15,4,1,3,0,0,0,3,0,0,0,0,0,0,0,0,1,0,0,0.22,0.45,0.38,1,0,0.63,0.34,0.84,1.75,0,0.89,0,1,2,0,1
603,ansible-nas,58,96,0,10,4,6,12.49,5,8,1,96,0.02,0.12,0,1,0,29,0,2,0,2,0,2,0,0,0,0,0,0,0,0,0,0,0,0.07,0.45,0.38,0.06,0,0.47,0.34,0.84,1.99,0,0.99,0,1,2,0,1
604,ansible-nas,46,2,0,10,4,6,13.16,57,15.5,1,96,0.04,0.29,17,1,0,12,0,4,0,0,4,0,0,4,0,0,0,0,0,0,0,0,0,0.09,0.41,0.25,0.62,0.34,0.56,0.34,0.84,1.99,0,0.99,0,1,2,0,1
605,ansible-nas,57,1,0,10,4,6,13.1,38.33,11,1,96,0.04,0.5,0,1,0,28,0,2,0,2,0,2,0,0,0,0,0,0,0,0,0,0,0,0.07,0.4,0.25,0.62,0.34,0.56,0.34,0.84,1.99,0,0.99,0,1,2,0,1
606,ansible-nas,18,1,0,177,150,27,89,151,27,5,345,0.03,0.12,0,0,0,17,0,1,0,0,0,1,0,0,0,0,0,0,0,0,0,0,0,0.06,0.45,0.38,1,0,0.63,0.34,0.84,1.96,0,0.98,0,1,2,0,1
607,ansible-nas,31,1,0,177,150,27,46.96,76.5,15,3,105,0.04,0.5,0,0,0,14,0,2,0,2,0,2,0,0,0,0,0,0,0,0,0,0,0,0.13,0.45,0.38,1,0,0.63,0.34,0.84,1.99,0,0.99,0,1,2,0,1
608,ansible-nas,84,26,0,141,67,74,31.17,24.5,15.7,6,103,0.04,0.25,0,0,0,40,0,2,0,2,0,2,0,0,0,0,0,0,0,0,0,0,0,0.05,0.45,0.38,0.8,0,0.59,0.34,0.84,1.99,0,1,0,1,2,0,1
609,ansible-nas,82,8,0,141,67,74,31.22,32.18,16.36,7,103,0.05,0.75,0,0,0,38,0,2,0,2,0,2,0,0,0,0,0,0,0,0,0,0,0,0.05,0.41,0.25,1.12,0.35,0.67,0.34,0.84,1.99,0,1,0,1,2,0,1
610,ansible-nas,18,3,1,177,150,27,89,151,27,75,332,0.03,0.25,0,1,15,4,1,3,0,0,0,3,0,0,0,0,0,0,0,0,1,0,0,0.22,0.45,0.38,1,0,0.63,0.34,0.84,1.75,0,0.89,0,1,2,0,1
611,ansible-nas,48,76,0,118,57,61,15.99,15.44,6.89,2,104,0.05,0.38,0,0,0,24,0,2,0,2,0,2,0,0,0,0,0,0,0,0,0,0,0,0.08,0.45,0.38,0.67,0,0.57,0.34,0.84,1.99,0,0.99,0,1,2,0,1
612,ansible-nas,46,2,0,118,57,61,16.06,24.8,8.5,2,104,0.07,1,0,0,0,22,0,2,0,2,0,2,0,0,0,0,0,0,0,0,0,0,0,0.09,0.41,0.25,1.03,0.34,0.65,0.34,0.84,1.99,0,0.99,0,1,2,0,1
613,ansible-nas,44,72,0,138,64,74,40.83,31.71,21.86,3,103,0.05,0.38,0,0,0,21,0,2,0,2,0,2,0,0,0,0,0,0,0,0,0,0,0,0.09,0.45,0.38,0.78,0,0.59,0.34,0.84,1.99,0,0.99,0,1,2,0,1
614,ansible-nas,43,1,0,138,64,74,40.84,32.75,20.25,3,103,0.07,1,0,0,0,20,0,2,0,2,0,2,0,0,0,0,0,0,0,0,0,0,0,0.09,0.44,0.32,0.89,0.15,0.62,0.34,0.84,1.99,0,0.99,0,1,2,0,1
615,ansible-nas,42,6,0,122,61,61,23.25,22.14,9.43,3,103,0.04,0.5,0,0,0,20,0,2,0,2,0,2,0,0,0,0,0,0,0,0,0,0,0,0.1,0.45,0.38,0.69,0,0.57,0.34,0.84,1.99,0,0.99,0,1,2,0,1
616,ansible-nas,70,2,0,192,157,35,37.19,54.33,13,3,103,0.04,0.5,0,0,0,33,0,2,0,2,0,2,0,0,0,0,0,0,0,0,0,0,0,0.06,0.45,0.38,1.09,0.01,0.65,0.34,0.84,1.99,0,1,0,1,2,0,1
617,ansible-nas,20,3,1,177,150,27,88.51,76,13.5,1,346,0.03,0.25,0,1,17,4,1,3,0,0,0,3,0,0,0,0,0,0,0,0,1,0,0,0.2,0.45,0.38,1,0,0.63,0.34,0.84,1.75,0,0.89,0,1,2,0,1
618,ansible-nas,18,3,1,177,150,27,89,151,27,86,345,0.03,0.25,0,1,15,4,1,3,0,0,0,3,0,0,0,0,0,0,0,0,1,0,0,0.22,0.45,0.38,1,0,0.63,0.34,0.84,1.75,0,0.89,0,1,2,0,1
619,ansible-nas,48,14,0,192,157,35,54.79,80.5,19.5,3,103,0.02,0.12,0,0,0,24,0,2,0,2,0,2,0,0,0,0,0,0,0,0,0,0,0,0.08,0.45,0.38,1.09,0.01,0.65,0.34,0.84,1.99,0,0.99,0,1,2,0,1
620,ansible-nas,47,1,0,192,157,35,54.65,54,13.33,3,103,0.02,0.25,0,0,0,23,0,2,0,2,0,2,0,0,0,0,0,0,0,0,0,0,0,0.09,0.45,0.38,1.09,0.01,0.65,0.34,0.84,1.99,0,0.99,0,1,2,0,1
621,ansible-nas,18,3,1,177,150,27,89,151,27,76,332,0.03,0.25,0,1,15,4,1,3,0,0,0,3,0,0,0,0,0,0,0,0,1,0,0,0.22,0.45,0.38,1,0,0.63,0.34,0.84,1.75,0,0.89,0,1,2,0,1
622,ansible-nas,37,6,0,6,4,2,6.84,5,2,3,104,0.03,0.25,0,0,0,18,0,2,0,2,0,2,0,0,0,0,0,0,0,0,0,0,0,0.11,0.45,0.38,0.03,0,0.47,0.34,0.84,1.99,0,0.99,0,1,2,0,1
623,ansible-nas,18,3,1,177,150,27,89,151,27,86,345,0.03,0.25,0,1,15,4,1,3,0,0,0,3,0,0,0,0,0,0,0,0,1,0,0,0.22,0.45,0.38,1,0,0.63,0.34,0.84,1.75,0,0.89,0,1,2,0,1
624,ansible-nas,18,3,1,177,150,27,89,151,27,76,332,0.03,0.25,0,1,15,4,1,3,0,0,0,3,0,0,0,0,0,0,0,0,1,0,0,0.22,0.45,0.38,1,0,0.63,0.34,0.84,1.75,0,0.89,0,1,2,0,1
625,ansible-nas,18,3,1,177,150,27,89,151,27,85,345,0.03,0.25,0,1,15,4,1,3,0,0,0,3,0,0,0,0,0,0,0,0,1,0,0,0.22,0.45,0.38,1,0,0.63,0.34,0.84,1.75,0,0.89,0,1,2,0,1
626,ansible-nas,18,3,1,177,150,27,89,151,27,85,345,0.03,0.25,0,1,15,4,1,3,0,0,0,3,0,0,0,0,0,0,0,0,1,0,0,0.22,0.45,0.38,1,0,0.63,0.34,0.84,1.75,0,0.89,0,1,2,0,1
627,ansible-nas,66,14,0,277,196,81,42.75,44.38,20.12,3,103,0.07,0.5,0,0,0,32,0,2,0,2,0,2,0,0,0,0,0,0,0,0,0,0,0,0.06,0.45,0.38,1.57,0.01,0.8,0.34,0.84,1.99,0,1,0,1,2,0,1
628,ansible-nas,64,2,0,277,196,81,42.72,39.56,18,3,103,0.07,1,0,0,0,31,0,2,0,2,0,2,0,0,0,0,0,0,0,0,0,0,0,0.06,0.45,0.38,1.57,0.01,0.8,0.34,0.84,1.99,0,1,0,1,2,0,1
629,ansible-nas,63,102,0,21,9,12,20.59,10,12,4,103,0,0,0,0,0,29,0,2,0,2,0,2,0,0,0,0,0,0,0,0,0,0,0,0.06,0.45,0.38,0.12,0,0.48,0.34,0.84,1.99,0,0.99,0,1,2,0,1
630,ansible-nas,63,7,0,22,9,13,20.6,15.33,6.67,4,103,0.02,0.25,0,0,0,29,0,2,0,2,0,2,0,0,0,0,0,0,0,0,0,0,0,0.06,0.44,0.32,0.32,0.15,0.51,0.34,0.84,1.99,0,0.99,0.08,1,2,0,1
631,algo,130,14,4,102,59,43,13.14,10.73,7.32,1,26,0.03,0.09,16,3,0,7,0,16,1,1,15,1,0,4,0,0,0,0,2,0,0,0,2,0.13,0.45,0.45,1.71,0.04,0.88,0.4,0.82,1.93,0,0.96,0,1.01,2.01,0,1
632,algo,120,10,4,102,59,43,13.14,10.57,7.35,1,26,0.03,0.09,14,3,0,7,0,15,1,1,14,1,0,2,0,0,0,0,2,0,0,0,2,0.13,0.46,0.41,1.73,0.13,0.88,0.4,0.82,1.93,0,0.96,0,1.01,2.01,0,1
633,algo,129,9,4,102,59,43,13.13,10.21,7.04,1,26,0.03,0.13,18,3,0,7,0,16,1,1,15,1,0,3,0,0,0,0,2,0,0,0,2,0.13,0.46,0.41,1.73,0.13,0.88,0.4,0.82,1.93,0,0.96,0,1.01,2.01,0,1
634,algo,129,2,4,103,59,44,13.13,9.92,6.84,1,27,0.03,0.17,18,3,0,7,0,16,1,1,15,1,0,3,0,0,0,0,2,0,0,0,2,0.13,0.46,0.4,1.73,0.14,0.88,0.4,0.82,1.93,0,0.96,0.16,0.99,2.01,0.01,1
635,algo,129,2,4,105,59,46,13.13,9.92,6.73,1,29,0.03,0.25,18,3,0,7,0,16,1,1,15,1,0,3,0,0,0,0,2,0,0,0,2,0.13,0.46,0.39,1.75,0.17,0.89,0.4,0.82,1.93,0,0.96,0.28,0.97,2.01,0.04,1
636,algo,128,9,4,105,59,46,13.12,9.67,6.52,1,29,0.04,0.46,18,3,0,7,0,16,1,1,15,1,0,3,0,0,0,0,2,0,0,0,2,0.13,0.46,0.39,1.75,0.17,0.89,0.4,0.82,1.93,0,0.96,0.28,0.97,2.01,0.04,1
637,algo,20,2,0,70,44,26,16.54,16.5,10.83,1,25,0.04,0.09,5,0,0,5,0,4,0,0,4,0,0,0,0,0,0,0,0,0,0,0,0,0.2,0.45,0.45,1.18,0,0.71,0.4,0.82,1.92,0,0.95,0,1.01,2.01,0,1
638,algo,15,31,3,74,44,30,23.59,19.25,13.75,3,40,0.01,0.05,4,0,0,3,0,4,0,0,4,0,0,0,0,0,0,0,3,0,0,0,0,0.27,0.45,0.45,1.24,0.01,0.72,0.4,0.82,1.74,0,0.88,0,1.01,2.01,0,1
639,algo,34,2,2,47,26,21,26.7,19,16.5,1,40,0.01,0.08,17,2,0,6,0,5,0,0,5,0,0,0,0,0,0,0,2,0,0,0,0,0.15,0.45,0.45,0.79,0,0.62,0.4,0.82,1.86,0,0.93,0,1.01,2.01,0,1
640,algo,62,1,0,80,54,26,19.84,19.5,13.33,2,32,0.01,0.1,8,4,0,10,0,5,0,1,4,1,0,0,0,0,0,0,0,0,0,0,0,0.1,0.45,0.45,1.34,0.01,0.75,0.4,0.82,1.9,0,0.95,0,1.01,2.01,0,1
641,algo,62,60,0,81,54,27,19.81,17.14,11.71,2,33,0.01,0.15,8,4,0,10,0,5,0,1,4,1,0,0,0,0,0,0,0,0,0,0,0,0.1,0.46,0.43,1.36,0.05,0.76,0.4,0.82,1.9,0,0.95,0.16,0.99,2.01,0.01,1
642,algo,80,67,0,80,54,26,38.04,38,26,2,32,0.01,0.08,8,4,0,8,0,8,0,1,6,2,0,0,0,0,0,0,0,0,0,0,0,0.11,0.45,0.45,1.34,0.01,0.75,0.4,0.82,1.82,0,0.91,0,1.01,2.01,0,1
643,algo,78,10,1,90,55,35,16.01,13.29,8.21,1,41,0.02,0.13,4,4,0,23,0,3,0,1,2,1,0,0,0,0,0,0,1,0,0,0,0,0.05,0.45,0.45,1.51,0.01,0.8,0.4,0.82,1.86,0,0.93,0,1.01,2.01,0,1
644,algo,79,123,1,92,55,37,16.01,13.07,7.93,1,43,0.03,0.31,4,4,0,23,0,3,0,1,2,1,0,0,0,0,0,0,1,0,0,0,0,0.05,0.45,0.43,1.54,0.05,0.81,0.4,0.82,1.86,0,0.93,0.23,0.98,2.01,0.03,1
645,algo,59,5,2,48,27,21,15.51,10.75,9.25,1,40,0.02,0.09,0,2,0,21,0,3,0,1,2,1,0,0,0,0,0,0,2,0,0,0,0,0.07,0.45,0.45,0.81,0,0.62,0.4,0.82,1.89,0,0.94,0,1.01,2.01,0,1
646,algo,59,2,2,50,27,23,15.5,10.6,8.2,1,42,0.02,0.23,0,2,0,21,0,3,0,1,2,1,0,0,0,0,0,0,2,0,0,0,0,0.07,0.45,0.43,0.88,0.04,0.63,0.4,0.82,1.89,0,0.94,0.23,0.98,2.01,0.03,1
647,algo,27,3,0,73,42,31,19.36,13.56,10.78,1,18,0.05,0.11,3,0,0,3,0,7,3,0,7,0,0,0,0,0,0,0,0,0,0,0,0,0.26,0.45,0.45,1.23,0.01,0.72,0.4,0.82,1.76,0,0.89,0,1.01,2.01,0,1
648,algo,32,5,0,73,42,31,19.35,12.9,10.5,1,18,0.04,0.16,5,0,0,3,0,8,3,0,8,0,0,0,0,0,0,0,0,0,0,0,0,0.25,0.46,0.41,1.28,0.1,0.74,0.4,0.82,1.76,0,0.89,0,1.01,2.01,0,1
649,algo,33,1,0,74,42,32,19.34,12,9.73,1,19,0.04,0.38,5,0,0,3,0,8,3,0,8,0,0,0,0,0,0,0,0,0,0,0,0,0.24,0.46,0.4,1.29,0.12,0.74,0.4,0.82,1.76,0,0.89,0.16,0.99,2.01,0.01,1
650,algo,46,13,1,87,55,32,9.18,7.44,4.44,1,40,0.04,0.11,19,3,0,8,0,5,0,1,4,1,0,0,0,0,0,0,1,0,0,0,0,0.13,0.45,0.45,1.46,0.01,0.79,0.4,0.82,1.92,0,0.95,0,1.01,2.01,0,1
651,algo,50,8,1,87,55,32,9.17,7.26,4.42,1,40,0.04,0.33,20,3,0,8,0,6,0,1,5,1,0,0,0,0,0,0,1,0,0,0,0,0.14,0.46,0.41,1.5,0.11,0.8,0.4,0.82,1.92,0,0.95,0,1.01,2.01,0,1
652,algo,50,22,1,88,55,33,9.17,7.1,4.33,1,41,0.04,0.46,20,3,0,8,0,6,0,1,5,1,0,0,0,0,0,0,1,0,0,0,0,0.14,0.46,0.4,1.51,0.12,0.8,0.4,0.82,1.92,0,0.95,0.16,0.99,2.01,0.01,1
653,algo,65,43,0,4,2,2,4.32,2.5,2,1,32,0.04,0.04,0,5,0,53,0,1,0,1,0,1,0,0,0,0,0,0,0,0,0,0,0,0.03,0.45,0.45,0.07,0,0.5,0.4,0.82,1.86,0,0.93,0,1.01,2.01,0,1
654,algo,65,108,0,6,2,4,4.37,5,2.67,1,34,0.04,0.15,0,5,0,53,0,1,0,1,0,1,0,0,0,0,0,0,0,0,0,0,0,0.03,0.45,0.43,0.25,0.03,0.53,0.4,0.82,1.86,0,0.93,0.23,0.98,2.01,0.03,1
655,algo,22,1,0,77,46,31,17.06,14.88,11,2,31,0.02,0.12,8,1,0,22,0,1,0,0,1,0,0,0,0,0,0,0,0,0,0,0,0,0.05,0.45,0.45,1.29,0.01,0.74,0.4,0.82,1.76,0,0.89,0,1.01,2.01,0,1
656,algo,22,2,0,77,46,31,17.04,13.33,10,2,31,0.03,0.31,8,1,0,22,0,1,0,0,1,0,0,0,0,0,0,0,0,0,0,0,0,0.05,0.45,0.45,1.29,0.01,0.74,0.4,0.82,1.76,0,0.89,0,1.01,2.01,0,1
657,algo,63,56,0,17,6,11,11.34,4.33,5,3,22,0.04,0.15,10,1,0,11,0,5,0,2,3,2,0,2,0,0,0,0,0,0,0,0,0,0.11,0.45,0.45,0.29,0,0.53,0.4,0.82,1.92,0,0.95,0,1.01,2.01,0,1
658,algo,35,34,0,57,37,20,25.48,23.5,13.5,2,22,0.01,0.02,6,1,0,8,0,4,0,1,3,1,0,1,0,0,0,0,0,0,0,0,0,0.14,0.45,0.45,0.96,0,0.66,0.4,0.82,1.74,0,0.88,0,1.01,2.01,0,1
659,algo,11,24,0,57,37,20,25.38,16.33,11,2,22,0.01,0.03,4,0,0,4,0,2,0,0,2,0,0,0,0,0,0,0,0,0,0,0,0,0.18,0.45,0.44,1.02,0.02,0.67,0.4,0.82,1.74,0,0.88,0,1.01,2.01,0,1
660,algo,11,2,0,58,37,21,25.25,12.5,9,2,23,0.02,0.15,4,0,0,4,0,2,0,0,2,0,0,0,0,0,0,0,0,0,0,0,0,0.18,0.45,0.43,1.04,0.04,0.68,0.4,0.82,1.74,0,0.88,0.16,0.99,2.01,0.01,1
661,algo,101,6,0,85,47,38,24.5,21,16.5,1,22,0.02,0.06,7,3,0,11,0,8,3,2,6,2,0,3,0,0,0,0,0,0,0,0,0,0.1,0.45,0.45,1.43,0.01,0.78,0.4,0.82,1.88,0,0.94,0,1.01,2.01,0,1
662,algo,101,68,0,85,47,38,24.47,18.57,14.71,1,22,0.01,0.15,7,3,0,11,0,8,3,2,6,2,0,3,0,0,0,0,0,0,0,0,0,0.1,0.45,0.44,1.43,0.03,0.78,0.4,0.82,1.88,0,0.94,0,1.01,2.01,0,1
663,algo,26,13,0,35,15,20,30.24,18,22,2,7,0.01,0.08,5,0,0,25,0,1,0,0,1,0,0,2,0,0,0,0,0,0,0,0,0,0.04,0.45,0.45,0.59,0,0.59,0.4,0.82,1.83,0,0.92,0,1.01,2.01,0,1
664,algo,56,4,1,75,46,29,24.16,23.6,14.6,1,40,0.02,0.1,0,1,0,36,0,2,0,1,1,1,0,0,0,0,0,0,1,0,0,0,0,0.05,0.45,0.45,1.26,0,0.73,0.4,0.82,1.86,0,0.93,0,1.01,2.01,0,1
665,algo,56,88,1,75,46,29,24.11,19.83,12.5,1,40,0.02,0.23,0,1,0,36,0,2,0,1,1,1,0,0,0,0,0,0,1,0,0,0,0,0.05,0.45,0.45,1.26,0,0.73,0.4,0.82,1.86,0,0.93,0,1.01,2.01,0,1
666,algo,48,2,0,70,40,30,26.79,20.33,17.33,1,12,0.01,0.03,13,1,0,7,0,6,1,0,6,0,0,7,0,0,0,0,0,0,0,0,0,0.12,0.45,0.45,1.18,0,0.71,0.4,0.82,1.86,0,0.93,0,1.01,2.01,0,1
667,algo,48,2,0,70,40,30,26.72,16.25,14,1,12,0.01,0.08,13,1,0,7,0,6,1,0,6,0,0,7,0,0,0,0,0,0,0,0,0,0.12,0.45,0.44,1.18,0.02,0.71,0.4,0.82,1.86,0,0.93,0,1.01,2.01,0,1
668,algo,26,6,0,42,27,15,15.77,17.33,12.33,1,32,0.01,0.04,4,1,0,9,0,2,0,1,1,1,0,0,0,0,0,0,0,0,0,0,0,0.12,0.45,0.45,0.71,0,0.6,0.4,0.82,1.78,0,0.89,0,1.01,2.01,0,1
669,algo,26,30,0,42,27,15,15.72,13.25,9.5,1,32,0.01,0.08,4,1,0,9,0,2,0,1,1,1,0,0,0,0,0,0,0,0,0,0,0,0.12,0.45,0.45,0.71,0,0.6,0.4,0.82,1.78,0,0.89,0,1.01,2.01,0,1
670,algo,12,1,4,18,13,5,11.55,8.67,4.67,1,26,0.03,0.15,0,0,0,2,0,4,0,0,4,0,0,0,0,0,0,0,0,0,0,0,4,0.33,0.45,0.45,0.3,0,0.53,0.4,0.82,0.65,0,0.6,0,1.01,2.01,0,1
671,algo,82,21,1,92,56,36,25.21,21.44,14.56,1,40,0.01,0.04,9,5,0,7,0,12,0,0,6,6,0,0,0,0,0,0,1,0,0,0,0,0.15,0.45,0.45,1.55,0.01,0.82,0.4,0.82,1.92,0,0.95,0,1.01,2.01,0,1
672,algo,82,2,1,94,56,38,25.2,20.3,13.5,1,42,0.01,0.15,9,5,0,7,0,12,0,0,6,6,0,0,0,0,0,0,1,0,0,0,0,0.15,0.45,0.43,1.57,0.05,0.82,0.4,0.82,1.92,0,0.95,0.23,0.98,2.01,0.03,1
673,algo,56,1,1,95,55,40,20.11,14.67,13.89,1,3,0.01,0.02,27,0,0,7,0,7,0,0,7,0,0,0,0,0,0,0,1,0,0,0,0,0.12,0.45,0.45,1.6,0.02,0.83,0.4,0.82,1.9,0,0.95,0,1.01,2.01,0,1
674,algo,55,7,1,95,55,40,20.11,13.9,13.3,1,3,0.01,0.08,27,0,0,7,0,7,0,0,7,0,0,0,0,0,0,0,1,0,0,0,0,0.13,0.46,0.41,1.63,0.12,0.84,0.4,0.82,1.9,0,0.95,0,1.01,2.01,0,1
675,algo,54,4,0,80,52,28,14.58,12.3,9.5,1,3,0.02,0.1,0,0,0,22,0,2,0,2,0,2,0,0,0,0,0,0,0,0,0,0,0,0.07,0.45,0.45,1.34,0.01,0.75,0.4,0.82,1.88,0,0.94,0,1.01,2.01,0,1
676,algo,53,2,0,80,52,28,14.56,10.67,8.25,1,3,0.02,0.13,0,0,0,21,0,2,0,2,0,2,0,0,0,0,0,0,0,0,0,0,0,0.08,0.45,0.44,1.35,0.03,0.75,0.4,0.82,1.88,0,0.94,0,1.01,2.01,0,1
677,algo,53,86,0,82,52,30,14.56,10.62,7.92,1,5,0.03,0.31,0,0,0,21,0,2,0,2,0,2,0,0,0,0,0,0,0,0,0,0,0,0.08,0.46,0.43,1.39,0.06,0.77,0.4,0.82,1.88,0,0.94,0.23,0.98,2.01,0.03,1
678,algo,117,4,0,84,47,37,10.37,8.35,5.46,1,22,0.04,0.16,11,2,0,25,0,4,0,1,3,1,0,2,0,0,0,0,0,0,0,0,0,0.04,0.45,0.45,1.41,0.02,0.77,0.4,0.82,1.9,0,0.95,0,1.01,2.01,0,1
679,algo,117,2,0,84,47,37,10.37,8.19,5.41,1,22,0.04,0.25,11,2,0,25,0,4,0,1,3,1,0,2,0,0,0,0,0,0,0,0,0,0.04,0.45,0.44,1.42,0.04,0.77,0.4,0.82,1.9,0,0.95,0,1.01,2.01,0,1
680,algo,117,156,0,84,47,37,10.36,7.93,5.32,1,22,0.04,0.46,11,2,0,25,0,4,0,1,3,1,0,2,0,0,0,0,0,0,0,0,0,0.04,0.45,0.43,1.42,0.06,0.78,0.4,0.82,1.9,0,0.95,0,1.01,2.01,0,1
681,algo,17,2,2,15,7,8,7.68,4.5,4,1,5,0.02,0.08,3,0,0,4,0,4,0,0,4,0,0,0,0,0,0,0,2,0,0,0,0,0.24,0.45,0.45,0.25,0,0.53,0.4,0.82,1.79,0,0.9,0,1.01,2.01,0,1
682,algo,59,13,0,71,40,31,24.11,19.33,15.33,3,6,0.02,0.15,9,1,0,14,0,4,1,0,4,0,0,3,0,0,0,0,0,0,0,0,0,0.07,0.45,0.45,1.19,0.01,0.71,0.4,0.82,1.85,0,0.92,0,1.01,2.01,0,1
683,algo,29,2,3,90,56,34,8.52,6.75,4.11,2,41,0.05,0.35,5,1,0,4,0,6,0,0,5,1,0,0,0,0,0,0,3,0,0,0,0,0.21,0.45,0.45,1.51,0.01,0.8,0.4,0.82,1.83,0,0.92,0,1.01,2.01,0,1
684,algo,30,3,3,92,56,36,8.52,6.82,4.11,2,43,0.06,0.45,5,1,0,4,0,6,0,0,5,1,0,0,0,0,0,0,3,0,0,0,0,0.2,0.45,0.43,1.54,0.05,0.81,0.4,0.82,1.83,0,0.92,0.23,0.98,2.01,0.03,1
685,algo,30,2,3,92,56,36,8.52,6.7,4.04,2,43,0.06,0.77,5,1,0,4,0,6,0,0,5,1,0,0,0,0,0,0,3,0,0,0,0,0.2,0.45,0.43,1.54,0.05,0.81,0.4,0.82,1.83,0,0.92,0.23,0.98,2.01,0.03,1
686,algo,45,3,0,74,50,24,30.78,26,18,1,31,0.01,0.03,3,0,0,44,0,1,0,0,1,0,0,0,0,0,0,0,0,0,0,0,0,0.02,0.45,0.45,1.24,0,0.73,0.4,0.82,1.68,0,0.86,0,1.01,2.01,0,1
687,algo,6,41,0,75,50,25,30.56,16.4,11.2,1,32,0.02,0.09,3,0,0,5,0,1,0,0,1,0,0,0,0,0,0,0,0,0,0,0,0,0.17,0.45,0.44,1.25,0.02,0.73,0.4,0.82,1.68,0,0.86,0.16,0.99,2.01,0.01,1
688,algo,6,2,0,77,50,27,30.5,15.33,10,1,34,0.02,0.23,3,0,0,5,0,1,0,0,1,0,0,0,0,0,0,0,0,0,0,0,0,0.17,0.46,0.43,1.3,0.06,0.74,0.4,0.82,1.68,0,0.86,0.28,0.97,2.01,0.04,1
689,algo,3,2,0,52,36,16,22.44,22.5,11,4,13,0.03,0.09,0,0,0,2,0,1,0,0,1,0,0,0,0,0,0,0,0,0,0,0,0,0.33,0.45,0.45,0.87,0,0.64,0.4,0.82,1.53,0,0.8,0,1.01,2.01,0,1
690,algo,53,4,0,58,40,18,37.74,25.33,19,3,32,0.01,0.15,11,3,0,6,0,7,0,0,7,0,0,0,0,0,0,0,0,0,0,0,0,0.13,0.45,0.45,0.97,0,0.66,0.4,0.82,1.81,0,0.91,0,1.01,2.01,0,1
691,algo,48,2,0,37,24,13,34.42,26,23,2,32,0.01,0.05,8,3,0,5,0,7,0,0,7,0,1,0,0,0,0,0,0,0,0,0,0,0.17,0.45,0.45,0.62,0,0.59,0.4,0.82,1.83,0,0.92,0,1.01,2.01,0,1
692,algo,26,32,0,15,7,8,14.38,8,8,2,5,0.02,0.08,2,2,0,12,0,2,0,1,1,1,0,1,0,0,0,0,0,0,0,0,0,0.12,0.45,0.45,0.25,0,0.53,0.4,0.82,1.79,0,0.9,0,1.01,2.01,0,1
693,algo,78,5,1,84,47,37,14.61,13.09,8.64,1,25,0.03,0.31,14,1,0,8,0,10,1,0,10,0,0,1,0,0,0,0,1,0,0,0,0,0.13,0.45,0.45,1.41,0.01,0.77,0.4,0.82,1.89,0,0.94,0,1.01,2.01,0,1
694,algo,55,6,0,90,53,37,27.15,21.25,17.5,1,25,0.01,0.02,12,0,0,8,0,6,0,1,5,1,0,3,0,0,0,0,0,0,0,0,0,0.13,0.45,0.45,1.51,0.01,0.8,0.4,0.82,1.9,0,0.95,0,1.01,2.01,0,1
695,algo,54,37,0,90,53,37,27.09,17.6,14.2,1,25,0.01,0.15,12,0,0,8,0,6,0,1,5,1,0,3,0,0,0,0,0,0,0,0,0,0.13,0.45,0.45,1.51,0.01,0.8,0.4,0.82,1.9,0,0.95,0,1.01,2.01,0,1
696,algo,25,1,0,35,15,20,30.24,18,22,1,25,0,0,10,0,0,12,0,2,0,0,2,0,0,4,0,0,0,0,0,0,0,0,0,0.08,0.45,0.45,0.59,0,0.59,0.4,0.82,1.74,0,0.88,0,1.01,2.01,0,1
697,algo,84,36,2,74,44,30,8.35,6.18,4.23,1,40,0.04,0.46,27,3,0,11,0,7,0,1,6,1,0,0,0,0,0,0,2,0,0,0,0,0.1,0.45,0.45,1.24,0.01,0.73,0.4,0.82,1.93,0,0.96,0,1.01,2.01,0,1
698,algo,30,3,2,72,46,26,8.92,7.53,4.09,1,43,0.06,0.3,0,1,0,4,0,6,1,0,6,0,0,0,0,0,0,0,0,0,0,0,2,0.2,0.45,0.45,1.21,0,0.72,0.4,0.82,1.86,0,0.93,0,1.01,2.01,0,1
699,algo,3,1,0,9,8,1,14.89,13,4,3,8,0.06,0.15,0,0,0,2,0,1,0,0,1,0,0,0,0,0,0,0,0,0,0,0,0,0.33,0.45,0.45,0.15,0,0.5,0.4,0.82,1.69,0,0.86,0,1.01,2.01,0,1
700,algo,41,2,5,76,44,32,25.04,17.25,15.25,1,44,0.01,0.02,10,0,0,3,0,10,0,0,10,0,0,1,0,0,0,0,4,0,0,0,1,0.24,0.45,0.45,1.28,0.01,0.73,0.4,0.82,1.83,0,0.92,0,1.01,2.01,0,1
701,algo,41,2,5,76,44,32,24.98,14.4,12.4,1,44,0.01,0.15,10,0,0,3,0,10,0,0,10,0,0,1,0,0,0,0,4,0,0,0,1,0.24,0.45,0.45,1.28,0.01,0.73,0.4,0.82,1.83,0,0.92,0,1.01,2.01,0,1
702,algo,9,2,0,49,29,20,28.12,18.5,19,1,21,0.01,0.08,3,0,0,4,0,2,0,0,2,0,0,1,0,0,0,0,0,0,0,0,0,0.22,0.45,0.45,0.82,0,0.63,0.4,0.82,1.69,0,0.86,0,1.01,2.01,0,1
703,algo,50,8,2,91,55,36,11.92,9.64,6.2,1,41,0.04,0.12,15,1,0,9,0,5,0,0,5,0,0,0,0,0,0,0,2,0,0,0,0,0.1,0.45,0.45,1.53,0.01,0.81,0.4,0.82,1.88,0,0.94,0,1.01,2.01,0,1
704,algo,52,2,2,91,55,36,11.92,9.35,6.19,1,41,0.03,0.42,15,1,0,9,0,5,0,0,5,0,0,0,0,0,0,0,2,0,0,0,0,0.1,0.45,0.44,1.53,0.03,0.81,0.4,0.82,1.88,0,0.94,0,1.01,2.01,0,1
705,algo,56,28,0,66,43,23,21.57,18.6,11.6,1,30,0.01,0.08,5,3,0,7,0,6,0,1,5,1,0,0,0,0,0,0,0,0,0,0,0,0.12,0.45,0.45,1.11,0,0.69,0.4,0.82,1.92,0,0.95,0,1.01,2.01,0,1
706,algo,5,2,0,15,7,8,14.38,8,8,1,5,0.02,0.08,2,0,0,4,0,1,0,0,1,0,0,0,0,0,0,0,0,0,0,0,0,0.2,0.45,0.45,0.25,0,0.53,0.4,0.82,1.76,0,0.89,0,1.01,2.01,0,1
707,algo,76,8,1,85,47,38,16.19,13.9,10.2,2,44,0.04,0.11,16,2,0,8,0,9,0,0,9,0,0,9,0,0,0,0,1,0,0,0,0,0.12,0.45,0.45,1.43,0.01,0.78,0.4,0.82,1.94,0,0.97,0,1.01,2.01,0,1
708,algo,76,22,1,85,47,38,16.17,12.73,9.36,2,44,0.04,0.46,16,2,0,8,0,9,0,0,9,0,0,9,0,0,0,0,1,0,0,0,0,0.12,0.45,0.44,1.43,0.03,0.78,0.4,0.82,1.94,0,0.97,0,1.01,2.01,0,1
709,algo,11,2,0,70,40,30,34.23,28.5,21.5,2,16,0.01,0.02,0,0,0,2,0,4,1,0,4,0,0,0,0,0,0,0,0,0,0,0,0,0.36,0.45,0.45,1.18,0,0.71,0.4,0.82,1.68,0,0.86,0,1.01,2.01,0,1
710,algo,12,1,0,70,40,30,34.05,20,14.67,2,16,0.02,0.15,0,0,0,2,0,4,1,0,4,0,0,0,0,0,0,0,0,0,0,0,0,0.33,0.45,0.45,1.18,0,0.71,0.4,0.82,1.68,0,0.86,0,1.01,2.01,0,1
711,algo,88,4,0,42,27,15,16.04,13.5,9.25,2,32,0.03,0.13,8,6,0,11,0,6,0,2,4,2,0,0,0,0,0,0,0,0,0,0,0,0.09,0.45,0.45,0.71,0,0.6,0.4,0.82,1.9,0,0.95,0,1.01,2.01,0,1
712,algo,88,90,0,44,27,17,16.03,12.8,8.2,2,34,0.04,0.31,8,6,0,11,0,6,0,2,4,2,0,0,0,0,0,0,0,0,0,0,0,0.09,0.45,0.43,0.78,0.03,0.62,0.4,0.82,1.9,0,0.95,0.23,0.98,2.01,0.03,1
713,algo,104,10,4,76,44,32,12.52,9.31,8,1,40,0.02,0.04,8,4,0,11,0,8,0,1,7,1,0,2,0,0,0,0,1,0,0,0,3,0.09,0.45,0.45,1.28,0.01,0.73,0.4,0.82,1.92,0,0.95,0,1.01,2.01,0,1
714,algo,104,100,4,76,44,32,12.51,8.79,7.71,1,40,0.01,0.15,8,4,0,11,0,8,0,1,7,1,0,2,0,0,0,0,1,0,0,0,3,0.09,0.46,0.43,1.31,0.06,0.74,0.4,0.82,1.92,0,0.95,0,1.01,2.01,0,1
715,algo,248,34,0,74,44,30,16.28,11.83,10.17,1,24,0.01,0.02,2,5,0,90,0,2,0,1,1,1,0,2,0,0,0,0,0,0,0,0,0,0.01,0.45,0.45,1.24,0.01,0.73,0.4,0.82,1.92,0,0.95,0,1.01,2.01,0,1
716,algo,248,2,0,74,44,30,16.26,10.29,9.43,1,24,0.01,0.05,2,5,0,90,0,2,0,1,1,1,0,2,0,0,0,0,0,0,0,0,0,0.01,0.45,0.45,1.26,0.01,0.73,0.4,0.82,1.92,0,0.95,0,1.01,2.01,0,1
717,algo,248,466,0,74,44,30,16.24,9.38,8.38,1,24,0.02,0.15,2,5,0,90,0,2,0,1,1,1,0,2,0,0,0,0,0,0,0,0,0,0.01,0.45,0.45,1.28,0.01,0.73,0.4,0.82,1.92,0,0.95,0,1.01,2.01,0,1
718,algo,12,4,0,15,7,8,14.38,8,8,2,5,0.02,0.08,2,0,0,6,0,2,1,0,2,0,0,0,0,0,0,0,0,0,0,0,0,0.17,0.45,0.45,0.25,0,0.53,0.4,0.82,1.79,0,0.9,0,1.01,2.01,0,1
719,matrix-docker-ansible-deploy,29,26,4,436,279,157,132.11,161,53,28,226,0.01,0.02,0,0,0,8,0,3,0,3,0,3,0,0,0,0,0,0,0,0,0,0,4,0.21,0.57,0.73,1.81,0,0.91,0.28,0.91,1.7,0,0.87,0,1,2,0,1
720,matrix-docker-ansible-deploy,127,5,1,412,255,157,82.25,95.62,28.25,5,263,0.01,0.02,0,5,0,10,0,13,0,1,0,13,0,0,0,0,0,0,0,1,0,0,0,0.11,0.57,0.73,1.71,0,0.87,0.28,0.91,1.97,0,0.98,0,1,2,0,1
721,matrix-docker-ansible-deploy,69,25,0,28,28,0,49.79,52,0,18,86,0.14,0.01,0,0,0,8,0,6,0,0,0,6,0,0,0,0,0,0,0,0,0,0,0,0.09,0.57,0.73,0.12,0,0.49,0.28,0.91,1.96,0,0.98,0,1,2,0,1
722,matrix-docker-ansible-deploy,69,46,0,28,28,0,49.72,30.5,0.5,22,86,0.2,0.03,0,0,0,10,0,5,0,1,0,5,0,0,0,0,0,0,0,0,0,0,0,0.09,0.58,0.72,0.15,0.02,0.5,0.28,0.91,1.96,0,0.98,0,1,2,0,1
723,matrix-docker-ansible-deploy,47,4,0,9,4,5,12.85,6,7,5,214,0.01,0.01,0,2,0,9,0,5,0,0,0,5,0,0,0,0,0,0,0,0,0,0,0,0.11,0.57,0.73,0.04,0,0.47,0.28,0.91,1.92,0,0.96,0,1,2,0,1
724,matrix-docker-ansible-deploy,37,10,0,18,9,9,12.86,7,7.5,6,223,0.02,0.03,0,1,0,9,0,4,0,0,0,4,0,0,0,0,0,0,0,0,0,0,0,0.11,0.59,0.7,0.09,0.04,0.49,0.28,0.91,1.92,0,0.96,0.23,0.97,2,0.03,1
725,matrix-docker-ansible-deploy,42,5,0,18,9,9,12.84,5,6,6,223,0.02,0.03,0,1,0,8,0,5,0,0,0,5,0,0,0,0,0,0,0,0,0,0,0,0.12,0.59,0.69,0.1,0.05,0.49,0.28,0.91,1.92,0,0.96,0.23,0.97,2,0.03,1
726,matrix-docker-ansible-deploy,28,20,0,407,251,156,311,411,211,3,228,0,0,0,0,0,12,0,2,0,1,0,2,0,0,0,0,0,0,0,0,0,0,0,0.11,0.57,0.73,1.69,0,0.86,0.28,0.91,1.92,0,0.96,0,1,2,0,1
727,matrix-docker-ansible-deploy,20,18,3,423,266,157,146.34,176.25,54.25,22,367,0.01,0.02,0,0,0,8,0,2,0,2,0,2,0,0,0,0,0,0,0,0,0,0,3,0.2,0.57,0.73,1.75,0,0.89,0.28,0.91,1.56,0,0.82,0,1,2,0,1
728,matrix-docker-ansible-deploy,20,18,3,423,266,157,117.47,141.4,43.4,3,305,0.01,0.02,0,0,0,8,0,2,0,2,0,2,0,0,0,0,0,0,0,0,0,0,3,0.2,0.57,0.73,1.75,0,0.89,0.28,0.91,1.7,0,0.87,0,1,2,0,1
729,matrix-docker-ansible-deploy,20,4,3,423,266,157,117.47,141.4,43.4,5,219,0.01,0.02,0,0,0,8,0,2,0,2,0,2,0,0,0,0,0,0,0,0,0,0,3,0.2,0.57,0.73,1.75,0,0.89,0.28,0.91,1.7,0,0.87,0,1,2,0,1
730,matrix-docker-ansible-deploy,20,18,3,424,266,158,117.44,118.33,37.17,5,220,0.01,0.02,0,0,0,8,0,2,0,2,0,2,0,0,0,0,0,0,0,0,0,0,3,0.2,0.59,0.71,1.75,0.03,0.89,0.28,0.91,1.7,0,0.87,0.08,1,2,0,1
731,matrix-docker-ansible-deploy,29,26,4,436,279,157,132.11,161,53,27,314,0.01,0.02,0,0,0,8,0,3,0,3,0,3,0,0,0,0,0,0,0,0,0,0,4,0.21,0.57,0.73,1.81,0,0.91,0.28,0.91,1.67,0,0.86,0,1,2,0,1
732,matrix-docker-ansible-deploy,24,6,0,422,265,157,207.65,262.5,106,1,202,0.01,0.01,0,1,0,6,0,4,0,0,0,4,0,0,0,0,0,0,0,0,0,0,0,0.17,0.57,0.73,1.75,0,0.89,0.28,0.91,1.93,0,0.96,0,1,2,0,1
733,matrix-docker-ansible-deploy,39,2,0,407,251,156,156.5,206.5,105.5,2,171,0.01,0.01,0,0,0,7,0,4,0,0,0,4,0,0,0,0,0,0,0,0,0,0,0,0.1,0.57,0.73,1.69,0,0.86,0.28,0.91,1.93,0,0.96,0,1,2,0,1
734,matrix-docker-ansible-deploy,147,13,1,412,255,157,91.19,106.57,32.14,1,310,0.01,0.02,0,4,0,16,0,11,0,1,0,11,0,0,0,0,0,0,0,1,0,0,0,0.08,0.57,0.73,1.71,0,0.87,0.28,0.91,1.97,0,0.98,0,1,2,0,1
735,matrix-docker-ansible-deploy,50,4,0,411,253,158,87.05,107.4,44.2,2,135,0.01,0.01,0,1,0,8,0,5,0,0,0,5,0,0,0,0,0,0,0,0,0,0,0,0.1,0.57,0.73,1.7,0,0.87,0.28,0.91,1.91,0,0.96,0,1,2,0,1
736,matrix-docker-ansible-deploy,20,18,3,423,266,157,146.34,176.25,54.25,10,306,0.01,0.02,0,0,0,8,0,2,0,2,0,2,0,0,0,0,0,0,0,0,0,0,3,0.2,0.57,0.73,1.75,0,0.89,0.28,0.91,1.84,0,0.92,0,1,2,0,1
737,matrix-docker-ansible-deploy,20,18,3,423,266,157,146.34,176.25,54.25,19,311,0.01,0.02,0,0,0,8,0,2,0,2,0,2,0,0,0,0,0,0,0,0,0,0,3,0.2,0.57,0.73,1.75,0,0.89,0.28,0.91,1.61,0,0.83,0,1,2,0,1
738,matrix-docker-ansible-deploy,20,18,3,423,266,157,146.34,176.25,54.25,15,365,0.01,0.02,0,0,0,8,0,2,0,2,0,2,0,0,0,0,0,0,0,0,0,0,3,0.2,0.57,0.73,1.75,0,0.89,0.28,0.91,1.56,0,0.82,0,1,2,0,1
739,matrix-docker-ansible-deploy,20,18,3,423,266,157,146.34,176.25,54.25,8,306,0.01,0.02,0,0,0,8,0,2,0,2,0,2,0,0,0,0,0,0,0,0,0,0,3,0.2,0.57,0.73,1.75,0,0.89,0.28,0.91,1.64,0,0.84,0,1,2,0,1
740,matrix-docker-ansible-deploy,20,18,3,423,266,157,146.34,176.25,54.25,10,224,0.01,0.02,0,0,0,8,0,2,0,2,0,2,0,0,0,0,0,0,0,0,0,0,3,0.2,0.57,0.73,1.75,0,0.89,0.28,0.91,1.61,0,0.83,0,1,2,0,1
741,matrix-docker-ansible-deploy,106,31,0,411,255,156,134.45,163.25,53.5,3,268,0.01,0.01,0,2,0,12,0,9,0,2,0,9,0,0,0,0,0,0,0,0,0,0,0,0.1,0.57,0.73,1.7,0,0.87,0.28,0.91,1.96,0,0.98,0,1,2,0,1
742,matrix-docker-ansible-deploy,25,24,4,423,266,157,146.34,176.25,54.25,13,365,0.01,0.02,0,0,0,7,0,3,0,3,0,3,0,0,0,0,0,0,0,0,0,0,4,0.24,0.57,0.73,1.75,0,0.89,0.28,0.91,1.59,0,0.83,0,1,2,0,1
743,matrix-docker-ansible-deploy,41,38,6,436,279,157,132.11,161,53,31,367,0.01,0.02,0,0,0,7,0,5,0,5,0,5,0,0,0,0,0,0,0,0,0,0,6,0.24,0.57,0.73,1.81,0,0.91,0.28,0.91,1.85,0,0.93,0,1,2,0,1
744,matrix-docker-ansible-deploy,41,4,0,408,252,156,189.83,241.5,106,2,171,0.01,0.01,0,1,0,11,0,2,0,0,0,2,0,0,0,0,0,0,0,0,0,0,0,0.05,0.57,0.73,1.69,0,0.86,0.28,0.91,1.91,0,0.95,0,1,2,0,1
745,matrix-docker-ansible-deploy,20,18,3,423,266,157,146.34,176.25,54.25,11,226,0.01,0.02,0,0,0,8,0,2,0,2,0,2,0,0,0,0,0,0,0,0,0,0,3,0.2,0.57,0.73,1.75,0,0.89,0.28,0.91,1.62,0,0.84,0,1,2,0,1
746,matrix-docker-ansible-deploy,29,24,4,9,4,5,12.85,6,7,3,212,0.01,0.02,0,0,0,8,0,3,0,3,0,3,0,0,0,0,0,0,0,0,0,0,4,0.21,0.57,0.73,0.04,0,0.47,0.28,0.91,1.59,0,0.83,0,1,2,0,1
747,matrix-docker-ansible-deploy,20,18,3,423,266,157,146.34,176.25,54.25,42,366,0.01,0.02,0,0,0,8,0,2,0,2,0,2,0,0,0,0,0,0,0,0,0,0,3,0.2,0.57,0.73,1.75,0,0.89,0.28,0.91,1.56,0,0.82,0,1,2,0,1
748,matrix-docker-ansible-deploy,39,2,0,9,4,5,12.85,6,7,4,214,0.01,0.01,0,1,0,18,0,2,0,1,0,2,0,0,0,0,0,0,0,0,0,0,0,0.08,0.57,0.73,0.04,0,0.47,0.28,0.91,1.93,0,0.97,0,1,2,0,1
749,matrix-docker-ansible-deploy,34,7,0,18,9,9,12.86,7,7.5,4,223,0.02,0.03,0,1,0,16,0,2,0,1,0,2,0,0,0,0,0,0,0,0,0,0,0,0.09,0.59,0.7,0.09,0.04,0.49,0.28,0.91,1.93,0,0.97,0.23,0.97,2,0.03,1
750,matrix-docker-ansible-deploy,34,2,0,18,9,9,12.84,5,5.33,4,223,0.02,0.03,0,1,0,16,0,2,0,1,0,2,0,0,0,0,0,0,0,0,0,0,0,0.09,0.59,0.7,0.09,0.04,0.49,0.28,0.91,1.93,0,0.97,0.23,0.97,2,0.03,1
751,matrix-docker-ansible-deploy,29,26,4,436,279,157,132.11,161,53,38,355,0.01,0.02,0,0,0,8,0,3,0,3,0,3,0,0,0,0,0,0,0,0,0,0,4,0.21,0.57,0.73,1.81,0,0.91,0.28,0.91,1.65,0,0.85,0,1,2,0,1
752,matrix-docker-ansible-deploy,52,48,6,5,5,0,8.93,9,0,10,273,1,0.02,0,0,0,6,0,6,0,6,0,6,0,0,0,0,0,0,0,0,0,0,6,0.23,0.57,0.73,0.02,0,0.48,0.28,0.91,1.72,0,0.88,0,1,2,0,1
753,matrix-docker-ansible-deploy,20,18,3,423,266,157,146.34,176.25,54.25,10,224,0.01,0.02,0,0,0,8,0,2,0,2,0,2,0,0,0,0,0,0,0,0,0,0,3,0.2,0.57,0.73,1.75,0,0.89,0.28,0.91,1.61,0,0.83,0,1,2,0,1
754,matrix-docker-ansible-deploy,47,40,0,407,251,156,311,411,211,1,200,0,0,0,2,0,17,0,2,0,1,0,2,0,0,0,0,0,0,0,0,0,0,0,0.06,0.57,0.73,1.69,0,0.86,0.28,0.91,1.93,0,0.97,0,1,2,0,1
755,matrix-docker-ansible-deploy,29,24,5,423,266,157,146.34,176.25,54.25,24,303,0.01,0.02,0,0,0,8,0,3,0,3,0,3,0,0,0,0,0,0,0,0,0,0,5,0.21,0.57,0.73,1.75,0,0.89,0.28,0.91,1.66,0,0.85,0,1,2,0,1
756,matrix-docker-ansible-deploy,20,18,3,423,266,157,146.34,176.25,54.25,3,353,0.01,0.02,0,0,0,8,0,2,0,2,0,2,0,0,0,0,0,0,0,0,0,0,3,0.2,0.57,0.73,1.75,0,0.89,0.28,0.91,1.84,0,0.92,0,1,2,0,1
757,matrix-docker-ansible-deploy,29,26,4,436,279,157,132.11,161,53,25,224,0.01,0.02,0,0,0,8,0,3,0,3,0,3,0,0,0,0,0,0,0,0,0,0,4,0.21,0.57,0.73,1.81,0,0.91,0.28,0.91,1.84,0,0.92,0,1,2,0,1
758,matrix-docker-ansible-deploy,127,5,1,412,255,157,78.52,92.43,32,10,217,0.01,0.02,0,5,0,10,0,13,0,1,0,13,0,0,0,0,0,0,0,1,0,0,0,0.11,0.57,0.73,1.71,0,0.87,0.28,0.91,1.97,0,0.98,0,1,2,0,1
759,matrix-docker-ansible-deploy,20,16,2,93,81,12,72.78,75.25,4,10,177,0.01,0.02,0,0,0,8,0,2,0,2,0,2,0,0,0,0,0,0,0,0,0,0,2,0.2,0.57,0.73,0.39,0,0.54,0.28,0.91,1.73,0,0.88,0,1,2,0,1
760,matrix-docker-ansible-deploy,29,9,4,423,266,157,146.34,176.25,54.25,40,315,0.01,0.01,0,0,0,8,0,3,0,3,0,3,0,0,0,0,0,0,0,0,0,0,4,0.21,0.57,0.73,1.75,0,0.89,0.28,0.91,1.67,0,0.86,0,1,2,0,1
761,matrix-docker-ansible-deploy,29,26,4,423,266,157,146.29,142.8,43.6,43,315,0.01,0.03,0,0,0,8,0,3,0,3,0,3,0,0,0,0,0,0,0,0,0,0,4,0.21,0.58,0.72,1.76,0.02,0.89,0.28,0.91,1.67,0,0.86,0,1,2,0,1
762,matrix-docker-ansible-deploy,48,20,0,408,251,157,158.48,206.5,107.5,1,231,0.01,0.01,0,0,0,11,0,4,0,1,0,4,0,0,0,0,0,0,0,0,0,0,0,0.1,0.57,0.73,1.69,0,0.86,0.28,0.91,1.95,0,0.97,0,1,2,0,1
763,matrix-docker-ansible-deploy,357,8,1,425,264,161,78.24,91.25,28.62,2,312,0.01,0.03,0,2,0,6,0,50,0,0,0,50,0,0,0,0,0,0,0,0,0,0,1,0.14,0.57,0.73,1.76,0,0.89,0.28,0.91,1.98,0,0.99,0,1,2,0,1
764,matrix-docker-ansible-deploy,376,13,1,427,265,162,78.21,73.3,23.3,2,314,0.01,0.03,0,2,0,6,0,53,0,0,0,53,0,0,0,0,0,0,0,0,0,0,1,0.14,0.58,0.72,1.77,0.02,0.89,0.28,0.91,1.98,0,0.99,0.11,1,2,0.01,1
765,matrix-docker-ansible-deploy,51,4,0,408,252,156,189.83,241.5,106,2,128,0.01,0.01,0,1,0,8,0,4,0,0,0,4,0,0,0,0,0,0,0,0,0,0,0,0.08,0.57,0.73,1.69,0,0.86,0.28,0.91,1.95,0,0.97,0,1,2,0,1
766,matrix-docker-ansible-deploy,120,4,1,409,252,157,114.41,137.5,56.5,1,158,0.01,0.01,0,2,0,8,0,12,0,2,0,12,0,0,0,0,0,0,0,0,0,0,1,0.12,0.57,0.73,1.69,0,0.87,0.28,0.91,1.93,0,0.96,0,1,2,0,1
767,matrix-docker-ansible-deploy,20,18,3,423,266,157,146.34,176.25,54.25,7,311,0.01,0.02,0,0,0,8,0,2,0,2,0,2,0,0,0,0,0,0,0,0,0,0,3,0.2,0.57,0.73,1.75,0,0.89,0.28,0.91,1.59,0,0.83,0,1,2,0,1
768,iiab,53,2,0,200,145,55,24.14,20.45,15.3,1,153,0.14,0.31,19,1,0,6,0,7,1,0,7,0,0,7,0,0,0,0,0,0,0,0,0,0.13,0.24,0.12,0.68,0,0.59,0.38,0.79,1.85,0,0.93,0,1,2,0,1
769,iiab,53,30,0,201,146,55,24.13,19.57,14.57,1,154,0.14,0.4,17,0,0,6,0,5,0,0,5,0,0,5,0,0,0,0,0,0,0,0,0,0.09,0.24,0.12,0.68,0.01,0.59,0.38,0.79,1.85,0,0.93,0.07,1,2,0,1
770,iiab,28,2,0,147,141,6,41.5,47,3,2,23,0.04,0.07,9,0,0,6,0,4,1,0,4,0,0,0,0,0,0,0,0,0,0,0,0,0.14,0.24,0.12,0.5,0,0.56,0.38,0.79,1.82,0,0.92,0,1,2,0,1
771,iiab,65,2,3,196,167,29,18.13,17.17,3.54,2,178,0.12,0.21,10,0,0,5,0,7,0,0,7,0,0,2,0,0,0,0,0,0,0,0,3,0.11,0.24,0.12,0.67,0.01,0.59,0.38,0.79,1.86,0,0.94,0,1,2,0,1
772,iiab,81,16,3,198,167,31,18.13,17,3.94,2,180,0.1,0.6,14,2,0,5,0,10,2,0,10,0,0,3,0,0,0,0,0,0,0,0,3,0.12,0.24,0.12,0.73,0.03,0.6,0.38,0.79,1.86,0,0.94,0.1,1,2,0.01,1
773,iiab,81,12,3,200,169,31,18.13,17.84,3.84,2,182,0.1,1,14,2,0,5,0,10,2,0,10,0,0,3,0,0,0,0,0,0,0,0,3,0.12,0.24,0.12,0.77,0.04,0.61,0.38,0.79,1.86,0,0.94,0.15,0.99,2,0.01,1
774,iiab,51,53,2,184,120,64,34.7,32.36,12.24,32,177,0.18,0.83,6,0,0,13,0,3,0,1,2,1,0,0,0,0,0,0,0,0,0,0,2,0.08,0.24,0.12,0.63,0,0.58,0.38,0.79,1.83,0,0.92,0,1,2,0,1
775,iiab,49,2,7,222,166,56,12.21,10.31,5.84,4,50,0.22,0.6,10,0,0,4,0,9,0,0,9,0,0,1,0,0,0,0,0,7,0,0,0,0.18,0.24,0.12,0.76,0.01,0.6,0.38,0.79,1.7,0,0.87,0,1,2,0,1
776,iiab,54,5,7,222,166,56,12.21,10.17,5.75,5,50,0.22,0.86,12,0,0,4,0,10,0,0,10,0,0,1,0,0,0,0,0,7,0,0,0,0.19,0.24,0.12,0.76,0.01,0.6,0.38,0.79,1.7,0,0.87,0,1,2,0,1
777,iiab,54,2,7,222,166,56,12.21,10.06,5.66,5,50,0.22,0.86,12,0,0,4,0,10,0,0,10,0,0,1,0,0,0,0,0,7,0,0,0,0.19,0.24,0.12,0.76,0.01,0.6,0.38,0.79,1.7,0,0.87,0,1,2,0,1
778,iiab,64,15,7,222,166,56,12.21,9.54,5.32,5,50,0.22,1.2,15,1,0,4,0,12,1,0,12,0,0,2,0,0,0,0,0,7,0,0,0,0.19,0.24,0.12,0.76,0.01,0.6,0.38,0.79,1.7,0,0.87,0,1,2,0,1
779,iiab,64,12,7,222,166,56,12.21,9.43,5.25,5,50,0.22,2,15,1,0,4,0,12,1,0,12,0,0,2,0,0,0,0,0,7,0,0,0,0.19,0.24,0.12,0.76,0.01,0.6,0.38,0.79,1.7,0,0.87,0,1,2,0,1
780,iiab,176,2,0,164,103,61,17.7,13.92,10.18,1,31,0.16,0.29,40,0,0,6,0,19,0,0,19,0,0,4,0,0,0,0,0,0,0,0,0,0.11,0.24,0.12,0.56,0,0.56,0.38,0.79,1.89,0,0.95,0,1,2,0,1
781,iiab,72,6,1,28,21,7,2.69,2.25,0.47,3,24,0.25,0.14,22,1,0,5,0,12,1,0,12,0,0,9,0,0,0,0,0,0,0,0,1,0.17,0.24,0.12,0.1,0,0.42,0.38,0.79,1.78,0,0.9,0,1,2,0,1
782,iiab,72,4,0,28,21,7,2.69,2.3,0.45,5,24,0.25,0.15,22,1,0,5,0,11,1,0,11,0,0,9,0,0,0,0,0,0,0,0,0,0.15,0.24,0.12,0.1,0,0.42,0.38,0.79,1.78,0,0.9,0,1,2,0,1
783,iiab,80,1,0,50,25,25,2.69,2.54,0.94,7,46,0.25,0.15,26,1,0,5,0,12,1,0,12,0,0,9,0,0,0,0,0,0,0,0,0,0.15,0.23,0.12,0.17,0.07,0.43,0.38,0.79,1.78,0,0.9,0.33,0.94,2,0.06,1
784,iiab,80,2,0,50,25,25,2.69,2.58,0.92,7,46,0.25,0.15,26,1,0,5,0,12,1,0,12,0,0,9,0,0,0,0,0,0,0,0,0,0.15,0.23,0.12,0.17,0.07,0.43,0.38,0.79,1.78,0,0.9,0.33,0.94,2,0.06,1
785,iiab,80,2,0,50,25,25,2.69,2.53,0.87,7,46,0.25,0.2,26,1,0,5,0,12,1,0,12,0,0,9,0,0,0,0,0,0,0,0,0,0.15,0.23,0.12,0.17,0.07,0.43,0.38,0.79,1.78,0,0.9,0.33,0.94,2,0.06,1
786,iiab,80,4,0,50,25,25,2.69,2.51,0.85,7,46,0.25,0.2,26,1,0,5,0,12,1,0,12,0,0,9,0,0,0,0,0,0,0,0,0,0.15,0.23,0.12,0.17,0.07,0.43,0.38,0.79,1.78,0,0.9,0.33,0.94,2,0.06,1
787,iiab,115,41,0,50,25,25,2.69,2.5,0.82,7,46,0.25,0.2,38,1,0,7,0,15,1,0,15,0,0,14,0,0,0,0,0,0,0,0,0,0.13,0.23,0.12,0.17,0.07,0.43,0.38,0.79,1.78,0,0.9,0.33,0.94,2,0.06,1
788,iiab,114,1,0,50,25,25,2.69,2.48,0.79,7,46,0.25,0.2,38,1,0,7,0,15,1,0,15,0,0,14,0,0,0,0,0,0,0,0,0,0.13,0.23,0.12,0.17,0.07,0.43,0.38,0.79,1.78,0,0.9,0.33,0.94,2,0.06,1
789,iiab,115,3,0,50,25,25,2.69,2.42,0.73,7,46,0.25,0.2,38,1,0,7,0,15,1,0,15,0,0,14,0,0,0,0,0,0,0,0,0,0.13,0.23,0.12,0.17,0.07,0.43,0.38,0.79,1.78,0,0.9,0.33,0.94,2,0.06,1
790,iiab,120,6,0,51,25,26,2.69,2.48,0.9,7,47,0.12,0.33,35,2,0,7,0,16,2,0,16,0,0,14,0,0,0,0,0,0,0,0,0,0.13,0.23,0.11,0.21,0.1,0.46,0.38,0.79,1.78,0,0.9,0.33,0.94,2,0.06,1
791,iiab,120,2,0,51,25,26,2.69,2.47,0.88,7,47,0.12,0.33,35,2,0,7,0,16,2,0,16,0,0,14,0,0,0,0,0,0,0,0,0,0.13,0.23,0.11,0.21,0.1,0.46,0.38,0.79,1.78,0,0.9,0.33,0.94,2,0.06,1
792,iiab,109,11,0,51,25,26,2.69,2.43,0.84,7,47,0.12,0.33,34,1,0,7,0,14,1,0,14,0,0,14,0,0,0,0,0,0,0,0,0,0.13,0.23,0.11,0.21,0.1,0.46,0.38,0.79,1.78,0,0.9,0.33,0.94,2,0.06,1
793,iiab,102,7,0,51,25,26,2.69,2.48,0.83,7,47,0.12,0.33,32,1,0,7,0,13,1,0,13,0,0,14,0,0,0,0,0,0,0,0,0,0.13,0.23,0.11,0.21,0.1,0.46,0.38,0.79,1.78,0,0.9,0.33,0.94,2,0.06,1
794,iiab,57,65,2,87,83,4,11.06,11.31,0.62,32,180,0.12,0.21,6,0,0,14,0,3,0,1,2,1,0,0,0,0,0,0,0,0,0,0,2,0.07,0.24,0.12,0.3,0,0.5,0.38,0.79,1.84,0,0.92,0,1,2,0,1
795,iiab,57,2,2,93,89,4,11.07,12.59,0.59,57,186,0.11,0.3,6,0,0,14,0,3,0,1,2,1,0,0,0,0,0,0,0,0,0,0,2,0.07,0.24,0.12,0.33,0.02,0.5,0.38,0.79,1.84,0,0.92,0.18,0.99,2,0.02,1
796,iiab,51,53,2,86,82,4,15.98,16.64,0.64,30,177,0.12,0.21,6,0,0,13,0,3,0,1,2,1,0,0,0,0,0,0,0,0,0,0,2,0.08,0.24,0.12,0.29,0,0.5,0.38,0.79,1.87,0,0.94,0,1,2,0,1
797,iiab,70,89,2,143,90,53,31.68,26.56,18.62,2,176,0.12,0.21,6,0,0,12,0,3,0,1,2,1,0,0,0,0,0,0,0,0,0,0,2,0.06,0.24,0.12,0.49,0,0.52,0.38,0.79,1.88,0,0.94,0,1,2,0,1
798,iiab,71,3,2,149,96,53,31.68,26.94,17.53,15,182,0.11,0.3,6,0,0,12,0,3,0,1,2,1,0,0,0,0,0,0,0,0,0,0,2,0.06,0.24,0.12,0.52,0.02,0.53,0.38,0.79,1.88,0,0.94,0.18,0.99,2,0.02,1
799,iiab,74,91,2,139,122,17,13.62,13.75,1.14,32,177,0.08,0.14,6,0,0,20,0,3,0,1,2,1,0,0,0,0,0,0,0,0,0,0,2,0.05,0.24,0.12,0.47,0,0.56,0.38,0.79,1.85,0,0.93,0,1,2,0,1
800,iiab,43,4,0,16,13,3,7.87,6.33,1.67,4,7,0.07,0.07,10,0,0,13,0,3,0,0,3,0,0,3,0,0,0,0,0,0,0,0,0,0.07,0.24,0.12,0.05,0,0.41,0.38,0.79,1.65,0,0.85,0,1,2,0,1
801,iiab,45,2,0,17,13,4,7.87,5.25,1.75,5,8,0.07,0.07,10,0,0,14,0,3,0,0,3,0,0,3,0,0,0,0,0,0,0,0,0,0.07,0.24,0.12,0.06,0,0.41,0.38,0.79,1.65,0,0.85,0.07,1,2,0,1
802,iiab,45,4,0,17,13,4,7.87,4.6,1.6,5,8,0.07,0.07,10,0,0,14,0,3,0,0,3,0,0,3,0,0,0,0,0,0,0,0,0,0.07,0.24,0.12,0.06,0,0.41,0.38,0.79,1.65,0,0.85,0.07,1,2,0,1
803,iiab,47,2,0,18,13,5,7.86,4.17,1.67,5,9,0.07,0.14,10,0,0,15,0,3,0,0,3,0,0,3,0,0,0,0,0,0,0,0,0,0.06,0.24,0.12,0.06,0.01,0.41,0.38,0.79,1.65,0,0.85,0.1,1,2,0.01,1
804,iiab,51,6,0,18,13,5,7.86,3.86,1.43,5,9,0.13,0.29,10,1,0,12,0,4,1,0,4,0,0,3,0,0,0,0,0,0,0,0,0,0.08,0.24,0.12,0.06,0.01,0.41,0.38,0.79,1.65,0,0.85,0.1,1,2,0.01,1
805,iiab,66,19,0,18,13,5,7.83,2.91,0.91,5,9,0.13,0.4,10,3,0,10,0,6,3,0,6,0,0,3,0,0,0,0,0,0,0,0,0,0.09,0.24,0.12,0.06,0.01,0.41,0.38,0.79,1.65,0,0.85,0.1,1,2,0.01,1
806,iiab,66,6,0,18,13,5,7.82,2.57,0.71,5,9,0.13,0.67,10,3,0,10,0,6,3,0,6,0,0,3,0,0,0,0,0,0,0,0,0,0.09,0.24,0.12,0.06,0.01,0.41,0.38,0.79,1.65,0,0.85,0.1,1,2,0.01,1
807,iiab,86,6,1,115,55,60,11.95,7.93,9.14,2,31,0.29,0.36,20,1,0,4,0,13,2,0,13,0,0,9,0,0,0,0,0,0,0,0,1,0.15,0.24,0.12,0.39,0,0.5,0.38,0.79,1.81,0,0.91,0,1,2,0,1
808,iiab,84,6,0,115,55,60,11.95,7.27,8.19,4,31,0.28,0.38,20,1,0,4,0,12,2,0,12,0,0,9,0,0,0,0,0,0,0,0,0,0.14,0.24,0.12,0.39,0,0.5,0.38,0.79,1.81,0,0.91,0,1,2,0,1
809,iiab,84,2,0,137,59,78,11.95,7.37,8.39,5,53,0.28,0.5,20,1,0,4,0,12,2,0,12,0,0,9,0,0,0,0,0,0,0,0,0,0.14,0.23,0.12,0.45,0.07,0.51,0.38,0.79,1.81,0,0.91,0.33,0.94,2,0.06,1
810,iiab,84,4,0,137,59,78,11.95,7.26,8.22,5,53,0.28,0.5,20,1,0,4,0,12,2,0,12,0,0,9,0,0,0,0,0,0,0,0,0,0.14,0.23,0.12,0.45,0.07,0.51,0.38,0.79,1.81,0,0.91,0.33,0.94,2,0.06,1
811,iiab,99,15,0,137,59,78,11.95,7.16,8.06,5,53,0.28,0.5,27,1,0,5,0,14,2,0,14,0,0,12,0,0,0,0,0,0,0,0,0,0.14,0.23,0.12,0.45,0.07,0.51,0.38,0.79,1.81,0,0.91,0.33,0.94,2,0.06,1
812,iiab,101,2,0,137,59,78,11.95,7.08,7.9,5,53,0.28,0.83,27,1,0,5,0,14,2,0,14,0,0,12,0,0,0,0,0,0,0,0,0,0.14,0.23,0.12,0.45,0.07,0.51,0.38,0.79,1.81,0,0.91,0.33,0.94,2,0.06,1
813,iiab,95,6,0,137,59,78,11.94,6.87,7.61,5,53,0.28,0.83,25,1,0,5,0,13,2,0,13,0,0,12,0,0,0,0,0,0,0,0,0,0.14,0.23,0.12,0.45,0.07,0.51,0.38,0.79,1.81,0,0.91,0.33,0.94,2,0.06,1
814,iiab,55,18,2,166,149,17,7.79,7.9,0.78,18,176,0.2,0.36,10,0,0,8,0,5,0,0,5,0,0,1,0,0,0,0,0,0,0,0,2,0.09,0.24,0.12,0.57,0.01,0.57,0.38,0.79,1.87,0,0.94,0,1,2,0,1
815,iiab,64,77,2,172,154,18,7.79,8.02,0.8,21,182,0.2,0.36,6,0,0,15,0,3,0,1,2,1,0,0,0,0,0,0,0,0,0,0,2,0.06,0.24,0.12,0.59,0.03,0.57,0.38,0.79,1.87,0,0.94,0.18,0.99,2,0.02,1
816,iiab,55,77,2,163,153,10,27.21,30.09,1.27,17,176,0.12,0.21,6,0,0,14,0,3,0,1,2,1,0,0,0,0,0,0,0,0,0,0,2,0.07,0.24,0.12,0.56,0,0.57,0.38,0.79,1.84,0,0.92,0,1,2,0,1
817,iiab,55,2,2,169,159,10,27.21,30.33,1.17,40,182,0.11,0.6,6,0,0,14,0,3,0,1,2,1,0,0,0,0,0,0,0,0,0,0,2,0.07,0.24,0.12,0.58,0.02,0.57,0.38,0.79,1.84,0,0.92,0.18,0.99,2,0.02,1
818,iiab,122,16,0,197,167,30,14.16,14.29,1.28,6,144,0.18,1,35,2,0,5,0,16,3,0,16,0,0,10,0,0,0,0,0,0,0,0,0,0.13,0.24,0.12,0.67,0.01,0.59,0.38,0.79,1.94,0,0.97,0,1,2,0,1
819,iiab,122,12,0,199,169,30,14.16,14.86,1.25,11,146,0.18,1.67,35,2,0,5,0,16,3,0,16,0,0,10,0,0,0,0,0,0,0,0,0,0.13,0.24,0.12,0.71,0.02,0.6,0.38,0.79,1.94,0,0.97,0.1,1,2,0.01,1
820,iiab,69,17,0,131,126,5,46.74,33.2,1.8,1,145,0.04,0.2,25,2,0,5,0,9,2,0,9,0,0,6,0,0,0,0,0,0,0,0,0,0.13,0.24,0.12,0.45,0,0.54,0.38,0.79,1.89,0,0.94,0,1,2,0,1
821,iiab,69,12,0,133,128,5,46.75,35.67,1.5,1,147,0.04,0.33,25,2,0,5,0,9,2,0,9,0,0,6,0,0,0,0,0,0,0,0,0,0.13,0.24,0.12,0.51,0.02,0.56,0.38,0.79,1.89,0,0.94,0.1,1,2,0.01,1
822,iiab,23,3,2,175,167,8,42.54,47.29,1.86,1,137,0.08,0.14,4,0,0,7,0,3,0,0,3,0,0,1,0,0,0,0,0,0,0,0,2,0.13,0.24,0.12,0.6,0,0.58,0.38,0.79,1.74,0,0.88,0,1,2,0,1
823,iiab,72,89,3,239,170,69,25.11,22.75,12.75,32,176,0.15,0.29,6,0,0,18,0,3,0,1,2,1,0,0,0,0,0,0,0,0,0,0,3,0.06,0.24,0.12,0.81,0.01,0.62,0.38,0.79,1.88,0,0.94,0,1,2,0,1
824,iiab,66,6,2,245,176,69,25.11,23.16,12.24,57,182,0.14,0.8,6,0,0,17,0,3,0,1,2,1,0,0,0,0,0,0,0,0,0,0,2,0.06,0.24,0.12,0.83,0.03,0.62,0.38,0.79,1.88,0,0.94,0.18,0.99,2,0.02,1
825,iiab,78,106,2,143,136,7,7.53,7.18,1.42,2,176,0.12,0.21,6,0,0,17,0,3,0,1,2,1,0,0,0,0,0,0,0,0,0,0,2,0.05,0.24,0.12,0.49,0,0.55,0.38,0.79,1.85,0,0.93,0,1,2,0,1
826,iiab,40,16,0,35,30,5,20.11,17.5,3.5,1,175,0.06,0.2,13,2,0,6,0,6,2,0,6,0,0,4,0,0,0,0,0,0,0,0,0,0.15,0.24,0.12,0.12,0,0.45,0.38,0.79,1.78,0,0.9,0,1,2,0,1
827,iiab,40,12,0,37,32,5,20.14,27.67,2.33,1,177,0.04,0.33,13,2,0,6,0,6,2,0,6,0,0,4,0,0,0,0,0,0,0,0,0,0.15,0.24,0.12,0.25,0.02,0.49,0.38,0.79,1.78,0,0.9,0.1,1,2,0.01,1
828,iiab,48,20,0,30,28,2,34.27,32,4,1,145,0.07,0.07,11,1,0,4,0,9,3,0,9,0,0,3,0,0,0,0,0,0,0,0,0,0.19,0.24,0.12,0.1,0,0.44,0.38,0.79,1.83,0,0.92,0,1,2,0,1
829,iiab,53,35,0,30,28,2,33.93,7.4,0.8,1,145,0.12,0.33,14,0,0,4,0,8,2,0,8,0,0,2,0,0,0,0,0,0,0,0,0,0.15,0.24,0.12,0.11,0,0.45,0.38,0.79,1.83,0,0.92,0,1,2,0,1
830,iiab,69,16,0,31,28,3,33.77,5.57,0.86,1,146,0.12,0.4,18,2,0,4,0,11,4,0,11,0,0,3,0,0,0,0,0,0,0,0,0,0.16,0.24,0.12,0.11,0,0.45,0.38,0.79,1.83,0,0.92,0.07,1,2,0,1
831,iiab,69,12,0,33,30,3,33.8,10.88,0.75,1,148,0.08,0.67,18,2,0,4,0,11,4,0,11,0,0,3,0,0,0,0,0,0,0,0,0,0.16,0.24,0.12,0.24,0.02,0.49,0.38,0.79,1.83,0,0.92,0.13,0.99,2,0.01,1
832,iiab,149,67,3,183,161,22,24.72,25.59,2.05,3,145,0.12,0.21,16,0,0,4,0,12,2,0,12,0,0,3,0,0,0,0,0,1,0,0,2,0.08,0.24,0.12,0.62,0,0.58,0.38,0.79,1.92,0,0.96,0,1,2,0,1
833,iiab,165,16,3,189,166,23,24.72,25.13,2.04,6,151,0.11,0.6,20,2,0,4,0,15,4,0,15,0,0,4,0,0,0,0,0,1,0,0,2,0.09,0.24,0.12,0.64,0.03,0.59,0.38,0.79,1.92,0,0.96,0.18,0.99,2,0.02,1
834,iiab,165,12,3,191,168,23,24.73,26.08,1.96,6,153,0.11,1,20,2,0,4,0,15,4,0,15,0,0,4,0,0,0,0,0,1,0,0,2,0.09,0.24,0.12,0.68,0.04,0.59,0.38,0.79,1.92,0,0.96,0.2,0.98,2,0.02,1
835,iiab,54,10,3,155,95,60,12.49,9.53,7.78,1,84,0.2,0.36,5,0,0,3,0,6,0,0,6,0,0,1,0,0,0,0,0,0,0,0,3,0.11,0.24,0.12,0.53,0.01,0.56,0.38,0.79,1.78,0,0.9,0,1,2,0,1
836,iiab,82,17,2,164,129,35,8.82,8.26,1.59,6,76,0.11,0.6,19,2,0,5,0,10,2,0,10,0,0,6,0,0,0,0,0,0,0,0,2,0.12,0.24,0.12,0.56,0.01,0.56,0.38,0.79,1.94,0,0.97,0,1,2,0,1
837,iiab,82,12,2,166,131,35,8.82,9.68,1.54,11,78,0.11,1,19,2,0,5,0,10,2,0,10,0,0,6,0,0,0,0,0,0,0,0,2,0.12,0.24,0.12,0.62,0.02,0.58,0.38,0.79,1.94,0,0.97,0.1,1,2,0.01,1
838,iiab,44,18,2,167,157,10,10.45,10.89,1.03,18,177,0.2,0.36,10,0,0,7,0,5,0,0,5,0,0,1,0,0,0,0,0,0,0,0,2,0.11,0.24,0.12,0.57,0.01,0.56,0.38,0.79,1.84,0,0.93,0,1,2,0,1
839,iiab,51,53,2,173,162,11,10.45,11,1.05,21,183,0.2,0.36,6,0,0,13,0,3,0,1,2,1,0,0,0,0,0,0,0,0,0,0,2,0.08,0.24,0.12,0.59,0.03,0.57,0.38,0.79,1.84,0,0.93,0.18,0.99,2,0.02,1
840,iiab,69,2,0,143,140,3,16.63,19.43,0.29,1,9,0.12,0.21,11,2,0,5,0,12,7,0,12,0,0,5,0,0,0,0,0,0,0,0,0,0.17,0.24,0.12,0.49,0,0.55,0.38,0.79,1.9,0,0.95,0,1,2,0,1
841,iiab,59,2,0,164,154,10,20.34,21.55,2,1,145,0.12,0.21,20,1,0,5,0,7,0,0,7,0,0,9,0,0,0,0,0,0,0,0,0,0.12,0.24,0.12,0.56,0.01,0.57,0.38,0.79,1.89,0,0.95,0,1,2,0,1
842,iiab,75,16,0,164,154,10,20.33,18.77,1.85,1,145,0.1,0.6,24,3,0,5,0,10,2,0,10,0,0,10,0,0,0,0,0,0,0,0,0,0.13,0.24,0.12,0.57,0.01,0.57,0.38,0.79,1.89,0,0.95,0,1,2,0,1
843,iiab,75,12,0,166,156,10,20.34,20.86,1.71,1,147,0.1,1,24,3,0,5,0,10,2,0,10,0,0,10,0,0,0,0,0,0,0,0,0,0.13,0.24,0.12,0.6,0.02,0.58,0.38,0.79,1.89,0,0.95,0.1,1,2,0.01,1
844,iiab,142,6,1,252,172,80,20.62,17.17,7.11,6,144,0.24,0.88,32,1,0,6,0,14,3,0,14,0,0,11,0,0,0,0,0,0,0,0,1,0.1,0.24,0.12,0.86,0.01,0.63,0.38,0.79,1.96,0,0.98,0,1,2,0,1
845,iiab,142,2,1,253,173,80,20.62,17.02,7.08,8,144,0.24,0.88,32,1,0,6,0,14,3,0,14,0,0,11,0,0,0,0,0,0,0,0,1,0.1,0.24,0.12,0.88,0.02,0.63,0.38,0.79,1.96,0,0.98,0.07,1,2,0,1
846,iiab,142,10,1,253,173,80,20.62,16.85,6.97,8,144,0.24,0.88,32,1,0,6,0,14,3,0,14,0,0,11,0,0,0,0,0,0,0,0,1,0.1,0.24,0.12,0.88,0.02,0.63,0.38,0.79,1.96,0,0.98,0.07,1,2,0,1
847,iiab,142,6,1,253,173,80,20.62,16.68,6.87,8,144,0.24,0.88,32,1,0,6,0,14,3,0,14,0,0,11,0,0,0,0,0,0,0,0,1,0.1,0.24,0.12,0.88,0.02,0.63,0.38,0.79,1.96,0,0.98,0.07,1,2,0,1
848,iiab,162,20,2,255,175,80,20.62,16.57,6.84,8,146,0.24,1.4,36,3,0,5,0,18,5,0,18,0,0,12,0,0,0,0,0,0,0,0,2,0.11,0.24,0.12,0.88,0.03,0.63,0.38,0.79,1.96,0,0.98,0.13,0.99,2,0.01,1
849,iiab,162,12,2,257,177,80,20.62,17.01,6.74,10,148,0.24,2.33,36,3,0,5,0,18,5,0,18,0,0,12,0,0,0,0,0,0,0,0,2,0.11,0.24,0.12,0.91,0.04,0.64,0.38,0.79,1.96,0,0.98,0.16,0.99,2,0.01,1
850,iiab,135,4,0,21,12,9,2.81,1.65,1.04,2,145,0.22,0.4,28,0,0,5,0,12,1,0,12,0,0,10,0,0,0,0,0,0,0,0,0,0.09,0.24,0.12,0.07,0,0.44,0.38,0.79,1.9,0,0.95,0,1,2,0,1
851,iiab,151,16,0,22,12,10,2.81,1.67,1.04,3,146,0.22,0.8,32,2,0,5,0,15,3,0,15,0,0,11,0,0,0,0,0,0,0,0,0,0.1,0.24,0.12,0.07,0.01,0.44,0.38,0.79,1.9,0,0.95,0.07,1,2,0,1
852,iiab,151,12,0,24,14,10,2.82,3.32,1,3,148,0.15,1.33,32,2,0,5,0,15,3,0,15,0,0,11,0,0,0,0,0,0,0,0,0,0.1,0.24,0.12,0.22,0.02,0.48,0.38,0.79,1.9,0,0.95,0.13,0.99,2,0.01,1
853,iiab,140,14,0,50,17,33,3.45,2,1.59,1,4,0.29,0.29,13,0,0,6,0,9,1,0,9,0,0,3,0,0,0,0,0,0,0,0,0,0.06,0.24,0.12,0.17,0,0.46,0.38,0.79,1.96,0,0.98,0,1,2,0,1
854,iiab,10,1,1,1,1,0,1.99,1.5,0,1,175,1,0.07,0,6,0,12,0,1,0,0,1,0,0,0,0,0,0,0,0,0,0,0,1,0.1,0.24,0.12,0,0,0,0.38,0.79,1.77,0,0.9,0,1,2,0,1
855,iiab,11,1,1,1,1,0,1.99,1.67,0,1,175,1,0.07,0,7,0,13,0,1,0,0,1,0,0,0,0,0,0,0,0,0,0,0,1,0.09,0.24,0.12,0,0,0,0.38,0.79,1.77,0,0.9,0,1,2,0,1
856,iiab,11,2,1,1,1,0,1.99,1.75,0,1,175,1,0.07,0,7,0,13,0,1,0,0,1,0,0,0,0,0,0,0,0,0,0,0,1,0.09,0.24,0.12,0,0,0,0.38,0.79,1.77,0,0.9,0,1,2,0,1
857,iiab,45,52,1,1,1,0,1.99,1.8,0,1,175,1,0.07,10,0,0,8,0,4,0,0,4,0,0,1,0,0,0,0,0,0,0,0,1,0.09,0.24,0.12,0,0,0,0.38,0.79,1.77,0,0.9,0,1,2,0,1
858,iiab,49,4,2,2,1,1,2.01,2,0.86,1,176,0.13,0.14,10,0,0,7,0,5,0,0,5,0,0,1,0,0,0,0,0,0,0,0,2,0.1,0.24,0.12,0.03,0.01,0.42,0.38,0.79,1.77,0,0.9,0.07,1,2,0,1
859,iiab,124,2,4,172,153,19,5.45,5.35,0.63,2,101,0.15,0.29,19,1,0,8,0,12,0,0,12,0,0,6,0,0,0,0,0,0,0,0,4,0.1,0.24,0.12,0.59,0.01,0.57,0.38,0.79,1.95,0,0.98,0,1,2,0,1
860,iiab,121,7,4,173,153,20,5.45,5.32,0.63,2,102,0.15,0.29,19,1,0,8,0,12,0,0,12,0,0,6,0,0,0,0,0,0,0,0,4,0.1,0.24,0.12,0.59,0.01,0.57,0.38,0.79,1.95,0,0.98,0.07,1,2,0,1
861,iiab,123,2,4,174,153,21,5.45,5.29,0.64,3,103,0.15,0.29,19,1,0,8,0,12,0,0,12,0,0,6,0,0,0,0,0,0,0,0,4,0.1,0.24,0.12,0.59,0.01,0.57,0.38,0.79,1.95,0,0.98,0.1,1,2,0.01,1
862,iiab,114,15,4,174,153,21,5.45,5.25,0.65,3,103,0.15,0.29,19,1,0,8,0,12,0,0,12,0,0,6,0,0,0,0,0,0,0,0,4,0.11,0.24,0.12,0.59,0.01,0.57,0.38,0.79,1.95,0,0.98,0.1,1,2,0.01,1
863,iiab,113,5,4,174,153,21,5.45,5.26,0.66,3,103,0.15,0.29,19,1,0,8,0,12,0,0,12,0,0,6,0,0,0,0,0,0,0,0,4,0.11,0.24,0.12,0.59,0.01,0.57,0.38,0.79,1.95,0,0.98,0.1,1,2,0.01,1
864,iiab,114,4,4,174,153,21,5.45,5.24,0.65,3,103,0.15,0.29,19,1,0,8,0,12,0,0,12,0,0,6,0,0,0,0,0,0,0,0,4,0.11,0.24,0.12,0.59,0.01,0.57,0.38,0.79,1.95,0,0.98,0.1,1,2,0.01,1
865,iiab,117,7,4,175,153,22,5.45,5.21,0.67,3,104,0.15,0.29,19,1,0,8,0,12,0,0,12,0,0,6,0,0,0,0,0,0,0,0,4,0.1,0.24,0.12,0.6,0.02,0.57,0.38,0.79,1.95,0,0.98,0.13,0.99,2,0.01,1
866,iiab,119,5,4,175,153,22,5.45,5.18,0.66,3,104,0.17,0.5,20,1,0,8,0,12,0,0,12,0,0,6,0,0,0,0,0,0,0,0,4,0.1,0.24,0.12,0.6,0.02,0.57,0.38,0.79,1.95,0,0.98,0.13,0.99,2,0.01,1
867,iiab,122,10,4,177,153,24,5.45,5.09,0.67,3,106,0.17,0.62,21,1,0,9,0,12,0,0,12,0,0,6,0,0,0,0,0,0,0,0,4,0.1,0.24,0.12,0.6,0.02,0.57,0.38,0.79,1.95,0,0.98,0.16,0.99,2,0.01,1
868,iiab,125,11,4,180,153,27,5.45,5.07,0.75,3,109,0.17,0.62,22,1,0,9,0,12,0,0,12,0,0,6,0,0,0,0,0,0,0,0,4,0.1,0.24,0.12,0.63,0.05,0.58,0.38,0.79,1.95,0,0.98,0.2,0.98,2,0.02,1
869,iiab,126,13,3,181,153,28,5.45,5.06,0.86,3,110,0.17,0.62,22,1,0,9,0,11,0,0,11,0,0,6,0,0,0,0,0,0,0,0,3,0.09,0.24,0.12,0.64,0.05,0.58,0.38,0.79,1.95,0,0.98,0.22,0.98,2,0.02,1
870,iiab,127,1,3,183,155,28,5.45,5.1,0.9,3,112,0.17,0.71,23,1,0,9,0,11,0,0,11,0,0,6,0,0,0,0,0,0,0,0,3,0.09,0.24,0.12,0.66,0.07,0.58,0.38,0.79,1.95,0,0.98,0.24,0.97,2,0.03,1
871,iiab,126,1,3,183,155,28,5.45,5.07,0.89,3,112,0.17,0.71,22,1,0,9,0,11,0,0,11,0,0,6,0,0,0,0,0,0,0,0,3,0.09,0.24,0.12,0.66,0.07,0.58,0.38,0.79,1.95,0,0.98,0.24,0.97,2,0.03,1
872,iiab,45,4,7,214,161,53,18.97,17.53,8.69,4,50,0.17,0.29,10,0,0,4,0,9,0,0,9,0,0,1,0,0,0,0,0,7,0,0,0,0.2,0.24,0.12,0.73,0,0.59,0.38,0.79,1.25,0,0.73,0,1,2,0,1
873,iiab,127,16,0,13,5,8,4.63,1.86,2.86,1,145,0.06,0.2,31,2,0,8,0,13,2,0,13,0,0,14,0,0,0,0,0,0,0,0,0,0.1,0.24,0.12,0.04,0,0.43,0.38,0.79,1.93,0,0.97,0,1,2,0,1
874,iiab,127,12,0,15,7,8,4.65,7.62,2.5,1,147,0.04,0.33,31,2,0,8,0,13,2,0,13,0,0,14,0,0,0,0,0,0,0,0,0,0.1,0.24,0.12,0.2,0.02,0.48,0.38,0.79,1.93,0,0.97,0.1,1,2,0.01,1
875,iiab,22,4,0,2,2,0,1.99,2,0,1,137,0.08,0.07,7,0,0,7,0,3,1,0,3,0,0,1,0,0,0,0,0,0,0,0,0,0.14,0.24,0.12,0.01,0,0.37,0.38,0.79,1.77,0,0.9,0,1,2,0,1
876,iiab,23,4,0,2,2,0,1.99,1.8,0.2,1,137,0.15,0.25,7,0,0,7,0,3,1,0,3,0,0,1,0,0,0,0,0,0,0,0,0,0.13,0.24,0.12,0.01,0,0.37,0.38,0.79,1.77,0,0.9,0,1,2,0,1
877,iiab,55,96,2,202,149,53,8.88,8.17,3.78,3,181,0.2,0.36,6,0,0,14,0,3,0,1,2,1,0,0,0,0,0,0,0,0,0,0,2,0.07,0.24,0.12,0.69,0,0.59,0.38,0.79,1.88,0,0.94,0,1,2,0,1
878,iiab,62,16,0,126,109,17,37.53,38.09,2.64,1,145,0.12,0.6,10,2,0,4,0,6,2,0,6,0,0,2,0,0,0,0,0,0,0,0,0,0.1,0.24,0.12,0.43,0,0.54,0.38,0.79,1.78,0,0.9,0,1,2,0,1
879,iiab,62,12,0,128,111,17,37.53,38.92,2.42,1,147,0.12,1,10,2,0,4,0,6,2,0,6,0,0,2,0,0,0,0,0,0,0,0,0,0.1,0.24,0.12,0.47,0.02,0.56,0.38,0.79,1.78,0,0.9,0.1,1,2,0.01,1
880,iiab,59,16,0,125,109,16,37.41,37.75,2.58,2,145,0.11,0.6,19,2,0,4,0,10,3,0,10,0,0,5,0,0,0,0,0,0,0,0,0,0.17,0.24,0.12,0.43,0,0.54,0.38,0.79,1.82,0,0.92,0,1,2,0,1
881,iiab,59,12,0,127,111,16,37.41,38.54,2.38,2,147,0.11,1,19,2,0,4,0,10,3,0,10,0,0,5,0,0,0,0,0,0,0,0,0,0.17,0.24,0.12,0.47,0.02,0.55,0.38,0.79,1.82,0,0.92,0.1,1,2,0.01,1
882,iiab,51,6,0,5,4,1,2.65,2,0.25,2,140,0.25,0.29,12,0,0,5,0,7,1,0,7,0,0,5,0,0,0,0,0,0,0,0,0,0.14,0.24,0.12,0.02,0,0.38,0.38,0.79,1.86,0,0.93,0,1,2,0,1
883,iiab,52,1,0,5,4,1,2.64,2,0.17,2,140,0.22,0.29,12,0,0,5,0,7,1,0,7,0,0,5,0,0,0,0,0,0,0,0,0,0.13,0.24,0.12,0.02,0,0.38,0.38,0.79,1.86,0,0.93,0,1,2,0,1
884,iiab,83,4,17,246,167,79,10.32,8.25,4.83,1,193,0.23,0.43,2,0,0,3,0,18,0,0,18,0,0,0,0,0,0,0,0,1,0,0,16,0.22,0.24,0.12,0.84,0.04,0.62,0.38,0.79,1.8,0,0.91,0,1,2,0,1
885,iiab,87,154,17,247,168,79,10.32,8.21,4.79,2,194,0.23,0.43,1,0,0,18,0,3,0,1,2,1,0,0,0,0,0,0,0,1,0,0,16,0.05,0.24,0.12,0.84,0.04,0.62,0.38,0.79,1.8,0,0.91,0.07,1,2,0,1
886,iiab,87,36,17,247,168,79,10.32,8.14,4.75,2,194,0.23,0.43,2,0,0,9,0,6,0,1,5,1,0,0,0,0,0,0,0,1,0,0,16,0.08,0.24,0.12,0.84,0.04,0.62,0.38,0.79,1.8,0,0.91,0.07,1,2,0,1
887,iiab,103,16,17,247,168,79,10.32,8.02,4.66,2,194,0.22,0.46,12,0,0,8,0,8,0,1,7,1,0,4,0,0,0,0,0,1,0,0,16,0.09,0.24,0.12,0.84,0.04,0.62,0.38,0.79,1.8,0,0.91,0.07,1,2,0,1
888,iiab,103,18,14,247,168,79,10.32,7.96,4.62,2,194,0.22,0.46,12,0,0,7,0,8,0,1,7,1,0,4,0,0,0,0,0,1,0,0,13,0.09,0.24,0.12,0.84,0.04,0.62,0.38,0.79,1.8,0,0.91,0.07,1,2,0,1
889,iiab,109,6,14,268,171,97,10.32,8,4.74,2,215,0.22,0.46,14,0,0,7,0,9,0,1,8,1,0,5,0,0,0,0,0,1,0,0,13,0.09,0.23,0.12,0.88,0.11,0.63,0.38,0.79,1.8,0,0.91,0.33,0.94,2,0.06,1
890,iiab,107,2,13,269,171,98,10.32,7.94,4.71,2,216,0.22,0.46,14,0,0,7,0,9,0,1,8,1,0,5,0,0,0,0,0,1,0,0,12,0.09,0.23,0.12,0.88,0.11,0.63,0.38,0.79,1.8,0,0.91,0.33,0.94,2,0.06,1
891,iiab,102,5,12,269,171,98,10.32,7.88,4.67,2,216,0.22,0.46,14,0,0,7,0,9,0,1,8,1,0,5,0,0,0,0,0,1,0,0,11,0.1,0.23,0.12,0.88,0.11,0.63,0.38,0.79,1.8,0,0.91,0.33,0.94,2,0.06,1
892,iiab,106,32,12,269,171,98,10.32,7.83,4.62,2,216,0.21,0.46,14,0,0,7,0,9,0,1,8,1,0,5,0,0,0,0,0,1,0,0,11,0.09,0.23,0.12,0.88,0.11,0.63,0.38,0.79,1.8,0,0.91,0.33,0.94,2,0.06,1
893,iiab,108,32,12,269,171,98,10.32,7.78,4.58,2,216,0.21,0.46,4,0,0,7,0,7,0,1,6,1,0,1,0,0,0,0,0,1,0,0,11,0.07,0.23,0.12,0.88,0.11,0.63,0.38,0.79,1.8,0,0.91,0.33,0.94,2,0.06,1
894,iiab,110,2,12,270,172,98,10.32,7.75,4.54,2,217,0.21,0.46,4,0,0,7,0,7,0,1,6,1,0,1,0,0,0,0,0,1,0,0,11,0.07,0.23,0.11,0.89,0.11,0.63,0.38,0.79,1.8,0,0.91,0.34,0.94,2,0.06,1
895,iiab,108,9,12,270,172,98,10.32,7.5,4.35,2,217,0.21,0.6,7,0,0,7,0,8,0,1,7,1,0,3,0,0,0,0,0,1,0,0,11,0.08,0.23,0.11,0.89,0.11,0.63,0.38,0.79,1.8,0,0.91,0.34,0.94,2,0.06,1
896,iiab,109,5,12,271,172,99,10.32,7.5,4.4,2,218,0.21,1,7,0,0,7,0,8,0,1,7,1,0,3,0,0,0,0,0,1,0,0,11,0.08,0.23,0.11,0.9,0.14,0.64,0.38,0.79,1.8,0,0.91,0.35,0.94,2,0.06,1
897,iiab,82,16,0,31,28,3,12.75,11.33,2,2,145,0.06,0.2,36,2,0,6,0,12,2,0,12,0,0,11,0,0,0,0,0,0,0,0,0,0.15,0.24,0.12,0.11,0,0.44,0.38,0.79,1.84,0,0.93,0,1,2,0,1
898,iiab,81,12,0,33,30,3,12.77,16.6,1.2,2,147,0.04,0.33,36,2,0,6,0,12,2,0,12,0,0,11,0,0,0,0,0,0,0,0,0,0.15,0.24,0.12,0.24,0.01,0.48,0.38,0.79,1.84,0,0.93,0.1,1,2,0.01,1
899,iiab,125,48,0,33,30,3,12.8,21.67,1,2,147,0.04,0.33,36,2,0,8,0,13,2,1,12,1,0,11,0,0,0,0,0,0,0,0,0,0.11,0.24,0.12,0.24,0.02,0.48,0.38,0.79,1.84,0,0.93,0.1,1,2,0.01,1
900,iiab,106,16,1,177,160,17,25.04,26.62,1.48,6,149,0.11,0.6,20,3,0,4,0,12,2,0,12,0,0,8,0,0,0,0,0,0,0,0,1,0.11,0.24,0.12,0.6,0,0.57,0.38,0.79,1.93,0,0.96,0,1,2,0,1
901,iiab,106,12,1,179,162,17,25.05,27.59,1.41,6,151,0.11,1,20,3,0,4,0,12,2,0,12,0,0,8,0,0,0,0,0,0,0,0,1,0.11,0.24,0.12,0.64,0.02,0.59,0.38,0.79,1.93,0,0.96,0.1,1,2,0.01,1
902,iiab,136,59,0,174,158,16,31.51,33.59,1.71,2,144,0.11,0.23,30,0,0,7,0,13,1,1,12,1,0,7,0,0,0,0,0,0,0,0,0,0.1,0.24,0.12,0.59,0,0.57,0.38,0.79,1.92,0,0.96,0,1,2,0,1
903,iiab,188,1,0,174,158,16,31.46,20.79,1.21,2,144,0.11,0.43,31,0,0,8,0,13,1,1,12,1,0,7,0,0,0,0,0,0,0,0,0,0.07,0.24,0.12,0.61,0.01,0.58,0.38,0.79,1.92,0,0.96,0,1,2,0,1
904,iiab,236,16,0,174,158,16,31.43,17.79,1.09,2,144,0.11,0.6,36,2,0,5,0,19,4,0,19,0,0,8,0,0,0,0,0,0,0,0,0,0.08,0.24,0.12,0.61,0.01,0.58,0.38,0.79,1.92,0,0.96,0,1,2,0,1
905,iiab,236,12,0,176,160,16,31.44,18.68,1.06,2,146,0.11,1,36,2,0,5,0,19,4,0,19,0,0,8,0,0,0,0,0,0,0,0,0,0.08,0.24,0.12,0.65,0.02,0.59,0.38,0.79,1.92,0,0.96,0.1,1,2,0.01,1
906,iiab,115,17,0,33,24,9,2.92,2.26,0.61,1,50,0.12,0.4,36,3,0,6,0,14,2,0,14,0,0,11,0,0,0,0,0,0,0,0,0,0.12,0.24,0.12,0.11,0,0.46,0.38,0.79,1.96,0,0.98,0,1,2,0,1
907,iiab,115,12,0,35,26,9,2.93,4.17,0.58,1,52,0.08,0.67,36,3,0,6,0,14,2,0,14,0,0,11,0,0,0,0,0,0,0,0,0,0.12,0.24,0.12,0.23,0.02,0.48,0.38,0.79,1.96,0,0.98,0.1,1,2,0.01,1
908,iiab,33,24,1,35,32,3,3.71,3.06,0.61,1,175,0.12,0.29,0,0,0,3,0,1,0,0,1,0,0,0,0,0,0,0,0,0,0,0,1,0.03,0.24,0.12,0.12,0,0.46,0.38,0.79,1.83,0,0.92,0,1,2,0,1
909,iiab,64,79,2,155,147,8,22.15,24.54,1.08,33,176,0.12,0.21,6,0,0,17,0,3,0,1,2,1,0,0,0,0,0,0,0,0,0,0,2,0.06,0.24,0.12,0.53,0,0.56,0.38,0.79,1.83,0,0.92,0,1,2,0,1
910,iiab,249,4,0,169,95,74,12.03,9.4,6.01,1,49,0.2,0.38,51,1,0,7,0,22,0,0,22,0,0,23,0,0,0,0,0,0,0,0,0,0.09,0.24,0.12,0.58,0.01,0.56,0.38,0.79,1.96,0,0.98,0,1,2,0,1
911,iiab,252,99,0,171,95,76,12.03,9.32,6.04,1,51,0.19,0.38,39,1,0,6,0,16,0,0,16,0,0,19,0,0,0,0,0,0,0,0,0,0.06,0.24,0.12,0.59,0.02,0.57,0.38,0.79,1.96,0,0.98,0.1,1,2,0.01,1
912,iiab,252,14,0,193,99,94,12.03,9.36,6.22,1,73,0.19,0.38,39,1,0,6,0,16,0,0,16,0,0,19,0,0,0,0,0,0,0,0,0,0.06,0.23,0.12,0.65,0.09,0.58,0.38,0.79,1.96,0,0.98,0.34,0.94,2,0.06,1
913,iiab,254,4,0,193,99,94,12.03,9.27,6.13,1,73,0.19,0.38,39,1,0,6,0,16,0,0,16,0,0,19,0,0,0,0,0,0,0,0,0,0.06,0.23,0.12,0.65,0.09,0.58,0.38,0.79,1.96,0,0.98,0.34,0.94,2,0.06,1
914,iiab,243,11,0,193,99,94,12.03,9.2,6.04,1,73,0.19,0.38,36,1,0,6,0,15,0,0,15,0,0,17,0,0,0,0,0,0,0,0,0,0.06,0.23,0.12,0.65,0.09,0.58,0.38,0.79,1.96,0,0.98,0.34,0.94,2,0.06,1
915,iiab,241,4,0,194,99,95,12.02,9.1,5.97,1,73,0.19,0.5,36,1,0,6,0,15,0,0,15,0,0,17,0,0,0,0,0,0,0,0,0,0.06,0.23,0.11,0.65,0.09,0.58,0.38,0.79,1.96,0,0.98,0.35,0.94,2,0.06,1
916,iiab,104,46,1,19,12,7,3.58,2.15,1.46,2,144,0.12,0.29,29,0,0,8,0,11,0,0,11,0,0,11,0,0,0,0,0,0,0,0,1,0.11,0.24,0.12,0.06,0,0.44,0.38,0.79,1.84,0,0.93,0,1,2,0,1
917,iiab,104,2,1,20,12,8,3.58,2.14,1.71,3,145,0.12,0.29,29,0,0,9,0,11,0,0,11,0,0,11,0,0,0,0,0,0,0,0,1,0.11,0.24,0.12,0.07,0,0.44,0.38,0.79,1.84,0,0.93,0.07,1,2,0,1
918,iiab,104,2,1,22,12,10,3.58,2.2,1.8,3,147,0.12,0.29,29,0,0,9,0,11,0,0,11,0,0,11,0,0,0,0,0,0,0,0,1,0.11,0.24,0.12,0.07,0.01,0.44,0.38,0.79,1.84,0,0.93,0.13,0.99,2,0.01,1
919,iiab,62,2,0,101,86,15,31.94,31.71,3.71,1,145,0.08,0.15,22,0,0,7,0,9,1,0,9,0,0,9,0,0,0,0,0,0,0,0,0,0.15,0.24,0.12,0.34,0,0.52,0.38,0.79,1.84,0,0.93,0,1,2,0,1
920,iiab,78,16,0,103,86,17,31.93,28.25,4.25,1,147,0.08,0.4,26,2,0,6,0,12,3,0,12,0,0,10,0,0,0,0,0,0,0,0,0,0.15,0.24,0.12,0.37,0.01,0.53,0.38,0.79,1.84,0,0.93,0.1,1,2,0.01,1
921,iiab,78,12,0,105,88,17,31.94,30.44,3.78,1,149,0.08,0.67,26,2,0,6,0,12,3,0,12,0,0,10,0,0,0,0,0,0,0,0,0,0.15,0.24,0.12,0.43,0.03,0.54,0.38,0.79,1.84,0,0.93,0.15,0.99,2,0.01,1
922,iiab,35,10,0,143,138,5,32.03,36.86,1.29,3,147,0.07,0.2,13,0,0,10,0,4,0,0,4,0,0,3,0,0,0,0,0,0,0,0,0,0.11,0.24,0.12,0.49,0,0.55,0.38,0.79,1.81,0,0.91,0,1,2,0,1
923,iiab,52,4,8,214,161,53,17.5,15.81,7.72,4,51,0.16,0.29,11,0,0,4,0,10,0,0,10,0,0,1,0,0,0,0,0,8,0,0,0,0.19,0.24,0.12,0.73,0,0.59,0.38,0.79,1.32,0,0.75,0,1,2,0,1
924,iiab,52,4,8,214,161,53,17.5,15.51,7.54,4,51,0.16,0.29,11,0,0,4,0,10,0,0,10,0,0,1,0,0,0,0,0,8,0,0,0,0.19,0.24,0.12,0.73,0,0.59,0.38,0.79,1.32,0,0.75,0,1,2,0,1
925,iiab,52,2,8,214,161,53,17.5,15.13,7.37,4,51,0.15,0.4,11,0,0,4,0,10,0,0,10,0,0,1,0,0,0,0,0,8,0,0,0,0.19,0.24,0.12,0.73,0.01,0.6,0.38,0.79,1.32,0,0.75,0,1,2,0,1
926,iiab,52,2,8,216,161,55,17.5,14.85,7.26,4,53,0.14,0.4,11,0,0,4,0,10,0,0,10,0,0,1,0,0,0,0,0,8,0,0,0,0.19,0.24,0.12,0.74,0.01,0.6,0.38,0.79,1.32,0,0.75,0.1,1,2,0.01,1
927,iiab,65,15,8,216,161,55,17.5,14.52,7.1,4,53,0.14,0.67,12,1,0,4,0,12,1,0,12,0,0,1,0,0,0,0,0,8,0,0,0,0.18,0.24,0.12,0.74,0.01,0.6,0.38,0.79,1.32,0,0.75,0.1,1,2,0.01,1
928,iiab,63,77,2,139,82,57,12.69,9.51,8.77,32,177,0.24,0.43,6,0,0,17,0,3,0,1,2,1,0,0,0,0,0,0,0,0,0,0,2,0.06,0.24,0.12,0.47,0,0.52,0.38,0.79,1.84,0,0.93,0,1,2,0,1
929,iiab,65,2,2,145,88,57,12.69,10.05,8.57,56,183,0.22,0.6,6,0,0,17,0,3,0,1,2,1,0,0,0,0,0,0,0,0,0,0,2,0.06,0.24,0.12,0.5,0.02,0.53,0.38,0.79,1.84,0,0.93,0.18,0.99,2,0.02,1
930,iiab,97,2,1,41,30,11,4.06,2.68,1.32,2,145,0.12,0.21,33,0,0,5,0,16,2,0,16,0,0,12,0,0,0,0,0,1,0,0,0,0.16,0.24,0.12,0.14,0.01,0.46,0.38,0.79,1.91,0,0.96,0,1,2,0,1
931,iiab,110,2,1,41,30,11,4.06,2.29,0.97,2,145,0.12,0.38,32,0,0,5,0,14,1,0,14,0,0,8,0,0,0,0,0,1,0,0,0,0.13,0.24,0.12,0.15,0.01,0.46,0.38,0.79,1.91,0,0.96,0,1,2,0,1
932,iiab,131,16,1,46,30,16,4.06,2.26,1.24,2,150,0.11,0.6,38,2,0,5,0,18,3,0,18,0,0,10,0,0,0,0,0,1,0,0,0,0.14,0.24,0.12,0.19,0.05,0.47,0.38,0.79,1.91,0,0.96,0.16,0.99,2,0.01,1
933,iiab,131,12,1,48,32,16,4.06,3.44,1.21,2,152,0.11,1,38,2,0,5,0,18,3,0,18,0,0,10,0,0,0,0,0,1,0,0,0,0.14,0.24,0.12,0.29,0.06,0.49,0.38,0.79,1.91,0,0.96,0.19,0.98,2,0.02,1
934,iiab,65,48,1,102,85,17,7.04,6.87,0.82,22,176,0.08,0.14,9,0,0,7,0,6,0,1,5,1,0,0,0,0,0,0,0,0,0,0,1,0.11,0.24,0.12,0.35,0,0.52,0.38,0.79,1.86,0,0.93,0,1,2,0,1
935,iiab,36,2,2,16,16,0,4.95,4.62,0.38,1,6,0.12,0.14,5,2,0,4,0,7,2,0,7,0,0,1,0,0,0,0,0,0,0,0,2,0.19,0.24,0.12,0.05,0,0.42,0.38,0.79,1.83,0,0.92,0,1,2,0,1
936,iiab,122,2,1,187,161,26,17,17.83,1.23,2,145,0.19,0.36,25,1,0,5,0,17,1,0,17,0,0,9,0,0,0,0,0,0,0,0,1,0.14,0.24,0.12,0.64,0.01,0.58,0.38,0.79,1.92,0,0.96,0,1,2,0,1
937,iiab,99,53,1,189,161,28,17,17.61,1.77,2,147,0.17,0.5,21,2,0,6,0,11,0,0,11,0,0,9,0,0,0,0,0,0,0,0,1,0.11,0.24,0.12,0.69,0.02,0.59,0.38,0.79,1.92,0,0.96,0.1,1,2,0.01,1
938,iiab,109,21,1,189,161,28,17,16.18,1.65,2,147,0.17,0.5,22,3,0,6,0,13,1,0,13,0,0,10,0,0,0,0,0,0,0,0,1,0.12,0.24,0.12,0.69,0.02,0.59,0.38,0.79,1.92,0,0.96,0.1,1,2,0.01,1
939,iiab,119,10,1,189,161,28,16.99,15.77,1.6,2,147,0.17,0.83,27,4,0,6,0,14,1,0,14,0,0,11,0,0,0,0,0,0,0,0,1,0.12,0.24,0.12,0.69,0.02,0.59,0.38,0.79,1.92,0,0.96,0.1,1,2,0.01,1
940,iiab,145,16,1,189,161,28,16.99,14.97,1.54,2,147,0.17,1,32,5,0,6,0,18,3,0,18,0,0,12,0,0,0,0,0,0,0,0,1,0.12,0.24,0.12,0.69,0.02,0.59,0.38,0.79,1.92,0,0.96,0.1,1,2,0.01,1
941,iiab,145,12,1,191,163,28,16.99,15.84,1.5,2,149,0.17,1.67,32,5,0,6,0,18,3,0,18,0,0,12,0,0,0,0,0,0,0,0,1,0.12,0.24,0.12,0.72,0.04,0.6,0.38,0.79,1.92,0,0.96,0.15,0.99,2,0.01,1
942,iiab,192,20,0,70,68,2,11.46,10,0.4,1,144,0.07,0.4,17,4,0,5,0,12,4,0,12,0,0,3,0,0,0,0,0,0,0,0,0,0.06,0.24,0.12,0.24,0,0.51,0.38,0.79,1.93,0,0.96,0,1,2,0,1
943,iiab,192,12,0,72,70,2,11.47,13.45,0.36,1,146,0.07,0.67,17,4,0,5,0,12,4,0,12,0,0,3,0,0,0,0,0,0,0,0,0,0.06,0.24,0.12,0.31,0.02,0.52,0.38,0.79,1.93,0,0.96,0.1,1,2,0.01,1
944,iiab,63,17,7,286,178,108,11.31,8.98,5.09,2,52,0.19,0.36,12,1,0,4,0,10,0,0,10,0,0,2,0,0,0,0,0,7,0,0,0,0.16,0.24,0.12,0.97,0.03,0.65,0.38,0.79,1.86,0,0.93,0,1,2,0,1
945,iiab,51,54,2,103,84,19,4.3,3.37,1.12,31,177,0.2,0.29,6,0,0,13,0,3,0,1,2,1,0,0,0,0,0,0,0,0,0,0,2,0.08,0.24,0.12,0.35,0.02,0.53,0.38,0.79,1.86,0,0.93,0,1,2,0,1
946,iiab,58,16,0,2,2,0,1.66,1.67,0,1,146,0.2,0.2,20,2,0,5,0,9,2,0,9,0,0,5,0,0,0,0,0,0,0,0,0,0.16,0.24,0.12,0.01,0,0.38,0.38,0.79,1.83,0,0.92,0,1,2,0,1
947,iiab,58,12,0,4,4,0,1.7,13.25,0,1,148,0.05,0.33,20,2,0,5,0,9,2,0,9,0,0,5,0,0,0,0,0,0,0,0,0,0.16,0.24,0.12,0.17,0.01,0.46,0.38,0.79,1.83,0,0.92,0.1,1,2,0.01,1
948,iiab,50,4,0,224,162,62,7.77,6.32,3.84,1,11,0.21,0.43,2,0,0,21,0,1,0,0,1,0,0,0,0,0,0,0,0,0,0,0,0,0.02,0.24,0.12,0.76,0.01,0.61,0.38,0.79,1.92,0,0.96,0,1,2,0,1
949,iiab,52,6,0,224,162,62,7.76,6.12,3.69,1,11,0.2,1,2,0,0,22,0,1,0,0,1,0,0,0,0,0,0,0,0,0,0,0,0,0.02,0.24,0.12,0.77,0.02,0.61,0.38,0.79,1.92,0,0.96,0,1,2,0,1
950,iiab,74,6,8,237,168,69,10.23,8.46,4.94,1,80,0.23,0.43,9,0,0,3,0,11,0,0,11,0,0,4,0,0,0,0,0,4,0,0,4,0.15,0.24,0.12,0.81,0.01,0.61,0.38,0.79,1.87,0,0.94,0,1,2,0,1
951,iiab,77,7,8,238,168,70,10.23,8.39,4.9,1,81,0.23,0.43,9,0,0,3,0,11,0,0,11,0,0,4,0,0,0,0,0,4,0,0,4,0.14,0.24,0.12,0.81,0.01,0.61,0.38,0.79,1.87,0,0.94,0.07,1,2,0,1
952,iiab,80,7,8,239,168,71,10.23,8.31,4.86,1,82,0.23,0.43,9,0,0,3,0,12,0,0,12,0,0,4,0,0,0,0,0,4,0,0,4,0.15,0.24,0.12,0.81,0.02,0.61,0.38,0.79,1.87,0,0.94,0.1,1,2,0.01,1
953,iiab,79,7,8,239,168,71,10.23,8.28,4.83,1,82,0.22,0.43,9,0,0,3,0,12,0,0,12,0,0,4,0,0,0,0,0,4,0,0,4,0.15,0.24,0.12,0.81,0.02,0.61,0.38,0.79,1.87,0,0.94,0.1,1,2,0.01,1
954,iiab,80,1,8,240,169,71,10.23,8.22,4.77,1,83,0.22,0.43,9,0,0,4,0,12,0,0,12,0,0,4,0,0,0,0,0,4,0,0,4,0.15,0.24,0.12,0.82,0.02,0.61,0.38,0.79,1.87,0,0.94,0.13,0.99,2,0.01,1
955,iiab,71,9,8,240,169,71,10.23,8.15,4.74,1,83,0.22,0.43,6,0,0,3,0,11,0,0,11,0,0,2,0,0,0,0,0,4,0,0,4,0.15,0.24,0.12,0.82,0.02,0.61,0.38,0.79,1.87,0,0.94,0.13,0.99,2,0.01,1
956,iiab,77,6,8,240,169,71,10.23,8.08,4.69,1,83,0.22,0.43,9,0,0,3,0,12,0,0,12,0,0,4,0,0,0,0,0,4,0,0,4,0.16,0.24,0.12,0.82,0.02,0.61,0.38,0.79,1.87,0,0.94,0.13,0.99,2,0.01,1
957,iiab,77,8,8,240,169,71,10.23,7.94,4.61,1,83,0.25,0.54,9,0,0,3,0,12,0,0,12,0,0,4,0,0,0,0,0,4,0,0,4,0.16,0.24,0.12,0.82,0.02,0.61,0.38,0.79,1.87,0,0.94,0.13,0.99,2,0.01,1
958,iiab,51,53,2,199,128,71,37.73,31.41,18.45,31,176,0.17,0.29,6,0,0,13,0,3,0,1,2,1,0,0,0,0,0,0,0,0,0,0,2,0.08,0.24,0.12,0.68,0,0.59,0.38,0.79,1.83,0,0.92,0,1,2,0,1
959,iiab,156,12,0,160,95,65,9.69,6.86,6.14,1,153,0.12,0.21,57,2,0,8,0,19,2,0,19,0,0,17,0,0,0,0,0,0,0,0,0,0.12,0.24,0.12,0.55,0.01,0.56,0.38,0.79,1.9,0,0.95,0,1,2,0,1
960,iiab,156,4,0,160,95,65,9.69,6.81,6.06,1,153,0.12,0.21,57,2,0,8,0,19,2,0,19,0,0,17,0,0,0,0,0,0,0,0,0,0.12,0.24,0.12,0.55,0.01,0.56,0.38,0.79,1.9,0,0.95,0,1,2,0,1
961,iiab,143,17,0,162,95,67,9.69,6.73,6,1,155,0.12,0.23,47,2,0,9,0,17,2,0,17,0,0,13,0,0,0,0,0,0,0,0,0,0.12,0.24,0.12,0.55,0.02,0.56,0.38,0.79,1.9,0,0.95,0.1,1,2,0.01,1
962,iiab,143,2,0,162,95,67,9.69,6.67,5.92,1,155,0.12,0.23,47,2,0,9,0,17,2,0,17,0,0,13,0,0,0,0,0,0,0,0,0,0.12,0.24,0.12,0.55,0.02,0.56,0.38,0.79,1.9,0,0.95,0.1,1,2,0.01,1
963,iiab,142,3,0,163,96,67,9.69,6.63,5.84,1,156,0.12,0.23,46,2,0,9,0,17,2,0,17,0,0,13,0,0,0,0,0,0,0,0,0,0.12,0.24,0.12,0.55,0.02,0.56,0.38,0.79,1.9,0,0.95,0.13,0.99,2,0.01,1
964,iiab,90,55,0,163,96,67,9.69,6.49,5.68,1,156,0.12,0.3,27,2,0,8,0,12,2,0,12,0,0,5,0,0,0,0,0,0,0,0,0,0.13,0.24,0.12,0.55,0.02,0.56,0.38,0.79,1.9,0,0.95,0.13,0.99,2,0.01,1
965,iiab,130,40,0,163,96,67,9.69,6.31,5.46,1,156,0.12,0.5,36,3,0,8,0,16,3,0,16,0,0,7,0,0,0,0,0,0,0,0,0,0.12,0.24,0.12,0.55,0.02,0.56,0.38,0.79,1.9,0,0.95,0.13,0.99,2,0.01,1
966,iiab,144,14,0,163,96,67,9.69,6.29,5.39,1,156,0.12,0.5,41,3,0,8,0,17,3,0,17,0,0,9,0,0,0,0,0,0,0,0,0,0.12,0.24,0.12,0.55,0.02,0.56,0.38,0.79,1.9,0,0.95,0.13,0.99,2,0.01,1
967,iiab,71,68,2,249,172,77,7,6.13,2.78,3,177,0.19,0.36,6,0,0,14,0,3,0,1,2,1,0,0,0,0,0,0,0,1,0,0,1,0.06,0.24,0.12,0.85,0.01,0.62,0.38,0.79,1.86,0,0.93,0,1,2,0,1
968,iiab,55,1,2,222,168,54,10.44,9.36,2.36,32,176,0.18,0.36,10,0,0,9,0,5,0,0,5,0,0,1,0,0,0,0,0,0,0,0,2,0.09,0.24,0.12,0.76,0.01,0.61,0.38,0.79,1.84,0,0.92,0,1,2,0,1
969,iiab,62,75,2,228,173,55,10.44,9.43,2.36,36,182,0.18,0.36,6,0,0,16,0,3,0,1,2,1,0,0,0,0,0,0,0,0,0,0,2,0.06,0.24,0.12,0.78,0.03,0.61,0.38,0.79,1.84,0,0.92,0.18,0.99,2,0.02,1
970,iiab,62,2,2,234,179,55,10.45,9.72,2.33,58,188,0.17,1,6,0,0,16,0,3,0,1,2,1,0,0,0,0,0,0,0,0,0,0,2,0.06,0.24,0.12,0.8,0.06,0.61,0.38,0.79,1.84,0,0.92,0.25,0.97,2,0.03,1
971,iiab,95,2,0,143,139,4,6,6.79,0.21,1,153,0.08,0.14,9,0,0,6,0,6,2,0,6,0,0,3,0,0,0,0,0,0,0,0,0,0.06,0.24,0.12,0.49,0.01,0.55,0.38,0.79,1.88,0,0.94,0,1,2,0,1
972,iiab,103,24,0,143,139,4,6,6.62,0.24,1,153,0.07,0.14,6,0,0,6,0,5,2,0,5,0,0,2,0,0,0,0,0,0,0,0,0,0.05,0.24,0.12,0.49,0.01,0.55,0.38,0.79,1.88,0,0.94,0,1,2,0,1
973,iiab,116,13,0,143,139,4,6,6.49,0.23,1,153,0.07,0.15,7,1,0,5,0,7,3,0,7,0,0,2,0,0,0,0,0,0,0,0,0,0.06,0.24,0.12,0.49,0.01,0.55,0.38,0.79,1.88,0,0.94,0,1,2,0,1
974,iiab,116,2,0,145,141,4,6,6.44,0.22,1,155,0.07,0.15,7,1,0,5,0,7,3,0,7,0,0,2,0,0,0,0,0,0,0,0,0,0.06,0.24,0.12,0.49,0.01,0.55,0.38,0.79,1.88,0,0.94,0.1,1,2,0.01,1
975,iiab,67,16,0,26,23,3,8.55,6.4,0.8,1,144,0.08,0.4,11,2,0,4,0,9,3,0,9,0,0,2,0,0,0,0,0,0,0,0,0,0.13,0.24,0.12,0.09,0,0.45,0.38,0.79,1.82,0,0.92,0,1,2,0,1
976,iiab,67,12,0,28,25,3,8.58,13.33,0.67,1,146,0.08,0.67,11,2,0,4,0,9,3,0,9,0,0,2,0,0,0,0,0,0,0,0,0,0.13,0.24,0.12,0.2,0.01,0.48,0.38,0.79,1.82,0,0.92,0.1,1,2,0.01,1
977,iiab,193,46,0,178,160,18,11.28,11.5,0.61,2,145,0.12,0.21,14,0,0,19,0,7,0,2,5,2,0,4,0,0,0,0,0,0,0,0,0,0.05,0.24,0.12,0.61,0,0.58,0.38,0.79,1.96,0,0.98,0,1,2,0,1
978,iiab,211,84,0,178,160,18,11.28,11.31,0.62,2,145,0.12,0.21,14,0,0,18,0,7,0,2,5,2,0,4,0,0,0,0,0,0,0,0,0,0.04,0.24,0.12,0.61,0.01,0.58,0.38,0.79,1.96,0,0.98,0,1,2,0,1
979,iiab,227,61,0,178,160,18,11.28,10.96,0.6,2,145,0.12,0.21,12,0,0,19,0,7,0,2,5,2,0,4,0,0,0,0,0,0,0,0,0,0.04,0.24,0.12,0.61,0.01,0.58,0.38,0.79,1.96,0,0.98,0,1,2,0,1
980,iiab,233,10,0,178,160,18,11.28,10.79,0.6,2,145,0.12,0.21,12,0,0,19,0,7,0,2,5,2,0,4,0,0,0,0,0,0,0,0,0,0.04,0.24,0.12,0.61,0.01,0.58,0.38,0.79,1.96,0,0.98,0,1,2,0,1
981,iiab,233,14,0,178,160,18,11.27,10.63,0.61,2,145,0.11,0.21,12,0,0,19,0,7,0,2,5,2,0,4,0,0,0,0,0,0,0,0,0,0.04,0.24,0.12,0.61,0.01,0.58,0.38,0.79,1.96,0,0.98,0,1,2,0,1
982,iiab,259,33,0,180,160,20,11.28,10.48,0.89,2,147,0.1,0.3,12,0,0,21,0,7,0,2,5,2,0,4,0,0,0,0,0,0,0,0,0,0.03,0.24,0.12,0.67,0.02,0.59,0.38,0.79,1.96,0,0.98,0.1,1,2,0.01,1
983,iiab,274,25,0,181,160,21,11.27,10.08,0.89,2,148,0.1,0.3,12,0,0,24,0,7,0,2,5,2,0,4,0,0,0,0,0,0,0,0,0,0.03,0.24,0.12,0.67,0.03,0.59,0.38,0.79,1.96,0,0.98,0.13,0.99,2,0.01,1
984,iiab,289,37,0,181,160,21,11.27,9.94,0.89,2,148,0.1,0.3,12,0,0,26,0,7,0,2,5,2,0,4,0,0,0,0,0,0,0,0,0,0.03,0.24,0.12,0.67,0.03,0.59,0.38,0.79,1.96,0,0.98,0.13,0.99,2,0.01,1
985,iiab,318,33,0,181,160,21,11.27,8.75,0.79,2,148,0.1,0.43,12,0,0,19,0,7,0,2,5,2,0,4,0,0,0,0,0,0,0,0,0,0.03,0.24,0.12,0.67,0.03,0.59,0.38,0.79,1.96,0,0.98,0.13,0.99,2,0.01,1
986,iiab,378,580,0,181,160,21,11.27,8.45,0.78,2,148,0.1,0.43,28,0,0,7,0,17,2,1,16,1,0,8,0,0,0,0,0,0,0,0,0,0.05,0.24,0.12,0.68,0.03,0.59,0.38,0.79,1.96,0,0.98,0.13,0.99,2,0.01,1
987,iiab,394,16,0,181,160,21,11.27,8.37,0.78,2,148,0.1,0.6,32,2,0,7,0,20,4,1,19,1,0,9,0,0,0,0,0,0,0,0,0,0.05,0.24,0.12,0.68,0.03,0.59,0.38,0.79,1.96,0,0.98,0.13,0.99,2,0.01,1
988,iiab,394,12,0,183,162,21,11.27,8.86,0.78,2,150,0.1,1,32,2,0,7,0,20,4,1,19,1,0,9,0,0,0,0,0,0,0,0,0,0.05,0.24,0.12,0.72,0.04,0.6,0.38,0.79,1.96,0,0.98,0.16,0.99,2,0.01,1