,/Users/narjes/Documents/ETS/Contrib5-Recommendation/APPROACHES/MainApproach_GA/Experiment_6/Gits/puppet-openstack-integration/all-in-one.sh,/Users/narjes/Documents/ETS/Contrib5-Recommendation/APPROACHES/MainApproach_GA/Experiment_6/Gits/puppet-openstack-integration/configure_facts.sh,/Users/narjes/Documents/ETS/Contrib5-Recommendation/APPROACHES/MainApproach_GA/Experiment_6/Gits/puppet-openstack-integration/run_tests.sh,/Users/narjes/Documents/ETS/Contrib5-Recommendation/APPROACHES/MainApproach_GA/Experiment_6/Gits/puppet-openstack-integration/install_modules.sh,/Users/narjes/Documents/ETS/Contrib5-Recommendation/APPROACHES/MainApproach_GA/Experiment_6/Gits/puppet-openstack-integration/copy_logs.sh,/Users/narjes/Documents/ETS/Contrib5-Recommendation/APPROACHES/MainApproach_GA/Experiment_6/Gits/puppet-openstack-integration/install_modules_unit.sh,/Users/narjes/Documents/ETS/Contrib5-Recommendation/APPROACHES/MainApproach_GA/Experiment_6/Gits/puppet-openstack-integration/playbooks/run-unit-tests.yaml,/Users/narjes/Documents/ETS/Contrib5-Recommendation/APPROACHES/MainApproach_GA/Experiment_6/Gits/puppet-openstack-integration/playbooks/run-litmus-tests.yaml,/Users/narjes/Documents/ETS/Contrib5-Recommendation/APPROACHES/MainApproach_GA/Experiment_6/Gits/puppet-openstack-integration/playbooks/prepare-node-common.yaml,/Users/narjes/Documents/ETS/Contrib5-Recommendation/APPROACHES/MainApproach_GA/Experiment_6/Gits/puppet-openstack-integration/playbooks/run-lint-tests.yaml,/Users/narjes/Documents/ETS/Contrib5-Recommendation/APPROACHES/MainApproach_GA/Experiment_6/Gits/puppet-openstack-integration/playbooks/run-libraries-syntax-tests.yaml,/Users/narjes/Documents/ETS/Contrib5-Recommendation/APPROACHES/MainApproach_GA/Experiment_6/Gits/puppet-openstack-integration/playbooks/upload-logs.yaml,/Users/narjes/Documents/ETS/Contrib5-Recommendation/APPROACHES/MainApproach_GA/Experiment_6/Gits/puppet-openstack-integration/playbooks/run-integration-tests.yaml,/Users/narjes/Documents/ETS/Contrib5-Recommendation/APPROACHES/MainApproach_GA/Experiment_6/Gits/puppet-openstack-integration/playbooks/run-libraries-lint-tests.yaml,/Users/narjes/Documents/ETS/Contrib5-Recommendation/APPROACHES/MainApproach_GA/Experiment_6/Gits/puppet-openstack-integration/playbooks/run-libraries-litmus-tests.yaml,/Users/narjes/Documents/ETS/Contrib5-Recommendation/APPROACHES/MainApproach_GA/Experiment_6/Gits/puppet-openstack-integration/playbooks/copy-logs.yaml,/Users/narjes/Documents/ETS/Contrib5-Recommendation/APPROACHES/MainApproach_GA/Experiment_6/Gits/puppet-openstack-integration/playbooks/prepare-node-integration.yaml,/Users/narjes/Documents/ETS/Contrib5-Recommendation/APPROACHES/MainApproach_GA/Experiment_6/Gits/puppet-openstack-integration/playbooks/run-syntax-tests.yaml,/Users/narjes/Documents/ETS/Contrib5-Recommendation/APPROACHES/MainApproach_GA/Experiment_6/Gits/puppet-openstack-integration/playbooks/run-libraries-unit-tests.yaml,/Users/narjes/Documents/ETS/Contrib5-Recommendation/APPROACHES/MainApproach_GA/Experiment_6/Gits/puppet-openstack-integration/playbooks/prepare-node-litmus.yaml,/Users/narjes/Documents/ETS/Contrib5-Recommendation/APPROACHES/MainApproach_GA/Experiment_6/Gits/puppet-openstack-integration/playbooks/prepare-node-unit.yaml,/Users/narjes/Documents/ETS/Contrib5-Recommendation/APPROACHES/MainApproach_GA/Experiment_6/Gits/puppet-openstack-integration/contrib/ssl-ipv4.conf,/Users/narjes/Documents/ETS/Contrib5-Recommendation/APPROACHES/MainApproach_GA/Experiment_6/Gits/puppet-openstack-integration/contrib/ssl-ipv6.conf,/Users/narjes/Documents/ETS/Contrib5-Recommendation/APPROACHES/MainApproach_GA/Experiment_6/Gits/puppet-openstack-integration/hiera/common.yaml,/Users/narjes/Documents/ETS/Contrib5-Recommendation/APPROACHES/MainApproach_GA/Experiment_6/Gits/puppet-openstack-integration/files/rsyslog-swift.conf,/Users/narjes/Documents/ETS/Contrib5-Recommendation/APPROACHES/MainApproach_GA/Experiment_6/Gits/puppet-openstack-integration/files/octavia-certs/client_ca.cert.pem,/Users/narjes/Documents/ETS/Contrib5-Recommendation/APPROACHES/MainApproach_GA/Experiment_6/Gits/puppet-openstack-integration/files/octavia-certs/server_ca.key.pem,/Users/narjes/Documents/ETS/Contrib5-Recommendation/APPROACHES/MainApproach_GA/Experiment_6/Gits/puppet-openstack-integration/files/octavia-certs/server_ca.cert.pem,/Users/narjes/Documents/ETS/Contrib5-Recommendation/APPROACHES/MainApproach_GA/Experiment_6/Gits/puppet-openstack-integration/files/octavia-certs/client.cert-and-key.pem,/Users/narjes/Documents/ETS/Contrib5-Recommendation/APPROACHES/MainApproach_GA/Experiment_6/Gits/puppet-openstack-integration/templates/rndc.conf.erb,/Users/narjes/Documents/ETS/Contrib5-Recommendation/APPROACHES/MainApproach_GA/Experiment_6/Gits/puppet-openstack-integration/fixtures/scenario005.pp,/Users/narjes/Documents/ETS/Contrib5-Recommendation/APPROACHES/MainApproach_GA/Experiment_6/Gits/puppet-openstack-integration/fixtures/scenario001.pp,/Users/narjes/Documents/ETS/Contrib5-Recommendation/APPROACHES/MainApproach_GA/Experiment_6/Gits/puppet-openstack-integration/fixtures/scenario000.pp,/Users/narjes/Documents/ETS/Contrib5-Recommendation/APPROACHES/MainApproach_GA/Experiment_6/Gits/puppet-openstack-integration/fixtures/scenario004.pp,/Users/narjes/Documents/ETS/Contrib5-Recommendation/APPROACHES/MainApproach_GA/Experiment_6/Gits/puppet-openstack-integration/fixtures/scenario-aio.pp,/Users/narjes/Documents/ETS/Contrib5-Recommendation/APPROACHES/MainApproach_GA/Experiment_6/Gits/puppet-openstack-integration/fixtures/scenario003.pp,/Users/narjes/Documents/ETS/Contrib5-Recommendation/APPROACHES/MainApproach_GA/Experiment_6/Gits/puppet-openstack-integration/fixtures/scenario002.pp,/Users/narjes/Documents/ETS/Contrib5-Recommendation/APPROACHES/MainApproach_GA/Experiment_6/Gits/puppet-openstack-integration/manifests/memcached.pp,/Users/narjes/Documents/ETS/Contrib5-Recommendation/APPROACHES/MainApproach_GA/Experiment_6/Gits/puppet-openstack-integration/manifests/tempest.pp,/Users/narjes/Documents/ETS/Contrib5-Recommendation/APPROACHES/MainApproach_GA/Experiment_6/Gits/puppet-openstack-integration/manifests/magnum.pp,/Users/narjes/Documents/ETS/Contrib5-Recommendation/APPROACHES/MainApproach_GA/Experiment_6/Gits/puppet-openstack-integration/manifests/mq_user.pp,/Users/narjes/Documents/ETS/Contrib5-Recommendation/APPROACHES/MainApproach_GA/Experiment_6/Gits/puppet-openstack-integration/manifests/neutron.pp,/Users/narjes/Documents/ETS/Contrib5-Recommendation/APPROACHES/MainApproach_GA/Experiment_6/Gits/puppet-openstack-integration/manifests/octavia.pp,/Users/narjes/Documents/ETS/Contrib5-Recommendation/APPROACHES/MainApproach_GA/Experiment_6/Gits/puppet-openstack-integration/manifests/params.pp,/Users/narjes/Documents/ETS/Contrib5-Recommendation/APPROACHES/MainApproach_GA/Experiment_6/Gits/puppet-openstack-integration/manifests/ec2api.pp,/Users/narjes/Documents/ETS/Contrib5-Recommendation/APPROACHES/MainApproach_GA/Experiment_6/Gits/puppet-openstack-integration/manifests/mistral.pp,/Users/narjes/Documents/ETS/Contrib5-Recommendation/APPROACHES/MainApproach_GA/Experiment_6/Gits/puppet-openstack-integration/manifests/config.pp,/Users/narjes/Documents/ETS/Contrib5-Recommendation/APPROACHES/MainApproach_GA/Experiment_6/Gits/puppet-openstack-integration/manifests/heat.pp,/Users/narjes/Documents/ETS/Contrib5-Recommendation/APPROACHES/MainApproach_GA/Experiment_6/Gits/puppet-openstack-integration/manifests/keystone.pp,/Users/narjes/Documents/ETS/Contrib5-Recommendation/APPROACHES/MainApproach_GA/Experiment_6/Gits/puppet-openstack-integration/manifests/murano.pp,/Users/narjes/Documents/ETS/Contrib5-Recommendation/APPROACHES/MainApproach_GA/Experiment_6/Gits/puppet-openstack-integration/manifests/zaqar.pp,/Users/narjes/Documents/ETS/Contrib5-Recommendation/APPROACHES/MainApproach_GA/Experiment_6/Gits/puppet-openstack-integration/manifests/gnocchi.pp,/Users/narjes/Documents/ETS/Contrib5-Recommendation/APPROACHES/MainApproach_GA/Experiment_6/Gits/puppet-openstack-integration/manifests/apache.pp,/Users/narjes/Documents/ETS/Contrib5-Recommendation/APPROACHES/MainApproach_GA/Experiment_6/Gits/puppet-openstack-integration/manifests/horizon.pp,/Users/narjes/Documents/ETS/Contrib5-Recommendation/APPROACHES/MainApproach_GA/Experiment_6/Gits/puppet-openstack-integration/manifests/ironic.pp,/Users/narjes/Documents/ETS/Contrib5-Recommendation/APPROACHES/MainApproach_GA/Experiment_6/Gits/puppet-openstack-integration/manifests/ssl_key.pp,/Users/narjes/Documents/ETS/Contrib5-Recommendation/APPROACHES/MainApproach_GA/Experiment_6/Gits/puppet-openstack-integration/manifests/glance.pp,/Users/narjes/Documents/ETS/Contrib5-Recommendation/APPROACHES/MainApproach_GA/Experiment_6/Gits/puppet-openstack-integration/manifests/barbican.pp,/Users/narjes/Documents/ETS/Contrib5-Recommendation/APPROACHES/MainApproach_GA/Experiment_6/Gits/puppet-openstack-integration/manifests/bind.pp,/Users/narjes/Documents/ETS/Contrib5-Recommendation/APPROACHES/MainApproach_GA/Experiment_6/Gits/puppet-openstack-integration/manifests/ovn.pp,/Users/narjes/Documents/ETS/Contrib5-Recommendation/APPROACHES/MainApproach_GA/Experiment_6/Gits/puppet-openstack-integration/manifests/ceph.pp,/Users/narjes/Documents/ETS/Contrib5-Recommendation/APPROACHES/MainApproach_GA/Experiment_6/Gits/puppet-openstack-integration/manifests/manila.pp,/Users/narjes/Documents/ETS/Contrib5-Recommendation/APPROACHES/MainApproach_GA/Experiment_6/Gits/puppet-openstack-integration/manifests/repos.pp,/Users/narjes/Documents/ETS/Contrib5-Recommendation/APPROACHES/MainApproach_GA/Experiment_6/Gits/puppet-openstack-integration/manifests/sahara.pp,/Users/narjes/Documents/ETS/Contrib5-Recommendation/APPROACHES/MainApproach_GA/Experiment_6/Gits/puppet-openstack-integration/manifests/provision.pp,/Users/narjes/Documents/ETS/Contrib5-Recommendation/APPROACHES/MainApproach_GA/Experiment_6/Gits/puppet-openstack-integration/manifests/redis.pp,/Users/narjes/Documents/ETS/Contrib5-Recommendation/APPROACHES/MainApproach_GA/Experiment_6/Gits/puppet-openstack-integration/manifests/rabbitmq.pp,/Users/narjes/Documents/ETS/Contrib5-Recommendation/APPROACHES/MainApproach_GA/Experiment_6/Gits/puppet-openstack-integration/manifests/swift.pp,/Users/narjes/Documents/ETS/Contrib5-Recommendation/APPROACHES/MainApproach_GA/Experiment_6/Gits/puppet-openstack-integration/manifests/designate.pp,/Users/narjes/Documents/ETS/Contrib5-Recommendation/APPROACHES/MainApproach_GA/Experiment_6/Gits/puppet-openstack-integration/manifests/watcher.pp,/Users/narjes/Documents/ETS/Contrib5-Recommendation/APPROACHES/MainApproach_GA/Experiment_6/Gits/puppet-openstack-integration/manifests/placement.pp,/Users/narjes/Documents/ETS/Contrib5-Recommendation/APPROACHES/MainApproach_GA/Experiment_6/Gits/puppet-openstack-integration/manifests/cacert.pp,/Users/narjes/Documents/ETS/Contrib5-Recommendation/APPROACHES/MainApproach_GA/Experiment_6/Gits/puppet-openstack-integration/manifests/aodh.pp,/Users/narjes/Documents/ETS/Contrib5-Recommendation/APPROACHES/MainApproach_GA/Experiment_6/Gits/puppet-openstack-integration/manifests/trove.pp,/Users/narjes/Documents/ETS/Contrib5-Recommendation/APPROACHES/MainApproach_GA/Experiment_6/Gits/puppet-openstack-integration/manifests/init.pp,/Users/narjes/Documents/ETS/Contrib5-Recommendation/APPROACHES/MainApproach_GA/Experiment_6/Gits/puppet-openstack-integration/manifests/ceilometer.pp,/Users/narjes/Documents/ETS/Contrib5-Recommendation/APPROACHES/MainApproach_GA/Experiment_6/Gits/puppet-openstack-integration/manifests/qdr.pp,/Users/narjes/Documents/ETS/Contrib5-Recommendation/APPROACHES/MainApproach_GA/Experiment_6/Gits/puppet-openstack-integration/manifests/nova.pp,/Users/narjes/Documents/ETS/Contrib5-Recommendation/APPROACHES/MainApproach_GA/Experiment_6/Gits/puppet-openstack-integration/manifests/cinder.pp,/Users/narjes/Documents/ETS/Contrib5-Recommendation/APPROACHES/MainApproach_GA/Experiment_6/Gits/puppet-openstack-integration/manifests/vitrage.pp,/Users/narjes/Documents/ETS/Contrib5-Recommendation/APPROACHES/MainApproach_GA/Experiment_6/Gits/puppet-openstack-integration/manifests/mysql.pp,/Users/narjes/Documents/ETS/Contrib5-Recommendation/APPROACHES/MainApproach_GA/Experiment_6/Gits/puppet-openstack-integration/zuul.d/linters.yaml,/Users/narjes/Documents/ETS/Contrib5-Recommendation/APPROACHES/MainApproach_GA/Experiment_6/Gits/puppet-openstack-integration/zuul.d/layout.yaml,/Users/narjes/Documents/ETS/Contrib5-Recommendation/APPROACHES/MainApproach_GA/Experiment_6/Gits/puppet-openstack-integration/zuul.d/libraries.yaml,/Users/narjes/Documents/ETS/Contrib5-Recommendation/APPROACHES/MainApproach_GA/Experiment_6/Gits/puppet-openstack-integration/zuul.d/litmus.yaml,/Users/narjes/Documents/ETS/Contrib5-Recommendation/APPROACHES/MainApproach_GA/Experiment_6/Gits/puppet-openstack-integration/zuul.d/unit.yaml,/Users/narjes/Documents/ETS/Contrib5-Recommendation/APPROACHES/MainApproach_GA/Experiment_6/Gits/puppet-openstack-integration/zuul.d/base.yaml,/Users/narjes/Documents/ETS/Contrib5-Recommendation/APPROACHES/MainApproach_GA/Experiment_6/Gits/puppet-openstack-integration/zuul.d/integration.yaml
/Users/narjes/Documents/ETS/Contrib5-Recommendation/APPROACHES/MainApproach_GA/Experiment_6/Gits/puppet-openstack-integration/all-in-one.sh,1.0000000000000016,0.25084266490541146,0.30945322099555694,0.3032349013466827,0.13904560376027725,0.2911826039175387,0.27029869987738725,0.25628283354379516,0.18344019861146715,0.20315955335968727,0.17587170585307088,0.0017329134531272688,0.33042018147725644,0.09346828900453567,0.1906633861291668,0.101871780852925,0.27979329202371145,0.30102586946153553,0.13859510061416497,0.19157025531399088,0.08086450019526571,0.02716816459143829,0.01389866004071481,0.014839113363861216,0.006732632129864071,0.002274988026039468,0.002141186927056127,0.0028188753187439455,0.003146519307497235,0.010460881370076593,0.1920588471610192,0.16225059100003275,0.21111225647042514,0.15519535890299205,0.2547280428615526,0.16103056766637977,0.15876435243756706,0.0,0.030829035062443708,0.014346849950557912,0.03617185250539652,0.03312512675515094,0.016099144782504553,0.016875497850298737,0.020154478035041685,0.012444254922987067,0.026394842597641015,0.01544858008032292,0.034351304510053596,0.010853320081817068,0.018436360351741204,0.031078553530076998,0.027676084392586855,0.16659539892670355,0.018938684651143088,0.02485606097415414,0.02500664778162448,0.014871532163003817,0.024013457716626115,0.0006210196653594599,0.04665720770230151,0.017687473775353357,0.10076252642352591,0.012119888011763707,0.060065324199522006,0.005325372952837339,0.0016453414741476743,0.028435289574258834,0.010355384987899199,0.016399619633945154,0.021698461607442897,0.02918159561910668,0.015343999405521953,0.013663518438524907,0.036946723793143246,0.021589419366072584,0.0713399866771861,0.028040180858088105,0.023051127768194467,0.013533129442831256,0.0,0.1811309799264157,0.18123257050801317,0.14110812806904433,0.13189651310352002,0.13166395664561273,0.22290240633598632,0.1566120551495108
/Users/narjes/Documents/ETS/Contrib5-Recommendation/APPROACHES/MainApproach_GA/Experiment_6/Gits/puppet-openstack-integration/configure_facts.sh,0.25084266490541146,1.0000000000000002,0.20121771740953404,0.13709140375722037,0.05894127558429065,0.12304556660998636,0.09873152515333948,0.11098524107899624,0.08337031501668182,0.02302363898338875,0.07912723311129331,0.003697743016952901,0.21055598935125322,0.01571520338526707,0.1312895476838997,0.025022672177205087,0.05858363754780769,0.08761512579635752,0.0888149111113884,0.06839975827416042,0.059390567564422805,0.006943044546840815,0.00733722768353313,0.00952434677419649,0.003523735460672626,0.0,0.0,0.0,0.0,0.006213370909361022,0.12449154792474834,0.10509465826444547,0.14465520846332264,0.10552484490580911,0.16439146340105118,0.09660514502035183,0.1061143164933804,0.0,0.024419871289753536,0.0019872159322023857,0.0013152400246819588,0.020832580872685243,0.009393243235520259,0.02030986579717515,0.004034111241393124,0.002963529734963325,0.02151375731787157,0.002749596573830941,0.006088463279235302,0.002034442842563189,0.004158468237794708,0.022366018108563663,0.016472994676409808,0.020038932052122448,0.010281085735929776,0.01609821709009669,0.013167424301376351,0.003257169572926293,0.02013571771848848,0.00774819545133484,0.05814354601010806,0.005676713565260894,0.3482167599974688,0.011388238683298304,0.02567351606328674,0.005481436596584985,0.013142267317331691,0.021791827253555232,0.003851396067469345,0.002774328317929512,0.006767049663449907,0.013989446234243893,0.003771457443502714,0.0024542978788311596,0.010907421157084866,0.0027214235620242784,0.04213123524163841,0.007269172299661207,0.006856036791982376,0.004740165287254647,0.003158121824682612,0.05162937096134973,0.07408812082548161,0.05428522633697616,0.04445862712466636,0.06566704938655875,0.03321124828103212,0.06608615237164699
/Users/narjes/Documents/ETS/Contrib5-Recommendation/APPROACHES/MainApproach_GA/Experiment_6/Gits/puppet-openstack-integration/run_tests.sh,0.30945322099555694,0.20121771740953404,1.0,0.19302862697798306,0.2604187212432431,0.20591882739445305,0.09305031052451589,0.09708106315488614,0.05486388837527575,0.05654086595132019,0.08387766608878014,0.061948716961876635,0.19107946218305677,0.052019805916629074,0.11033864158201767,0.08845879364857104,0.19677485718176507,0.07215760059617213,0.08643158255058064,0.20967877994288453,0.11625168303821118,0.013785196182243562,0.014567834379993313,0.012004532095850638,0.036247909805520444,0.0,0.0016091953310686802,0.0,0.0,0.015055159159202455,0.10926903112170237,0.11799053504689944,0.14125105384671358,0.11571999653186826,0.1226477920863193,0.13062835724340852,0.12266522727865042,0.013228744177569186,0.16280382306979446,0.018082528195751478,0.018370942544317297,0.06812643008985976,0.02012479779622703,0.02099382575294697,0.01474825028141607,0.01601023358408189,0.01789078465126516,0.017278167277399933,0.06414053028046095,0.009748692118693513,0.019686155015608272,0.0513523671454969,0.027811963950234123,0.07415658223989373,0.023536471486551087,0.025563314701652292,0.020426171724939497,0.01777947732640069,0.020328171027477564,0.00843179304940805,0.03736057163702462,0.02118534956168108,0.065544355836009,0.019359432265967876,0.1398692071135343,0.011571405687355214,0.019785812458187654,0.03341465983571436,0.010943250294104458,0.007664187880932862,0.020286734634351485,0.04179244242683888,0.016961399402708306,0.008176940447190176,0.05843890485361187,0.05215960645349123,0.06278849243780799,0.025603401919873627,0.02762805814887847,0.038883483511002716,0.012409226815396022,0.16765391574735292,0.23275717875832502,0.08602508187777136,0.12228500973107084,0.0958754136077513,0.2375160687939275,0.17488665090032773
/Users/narjes/Documents/ETS/Contrib5-Recommendation/APPROACHES/MainApproach_GA/Experiment_6/Gits/puppet-openstack-integration/install_modules.sh,0.3032349013466827,0.13709140375722037,0.19302862697798306,1.0,0.06957437293950838,0.5890276197102078,0.26130174762623415,0.25080524578178814,0.13192880555519998,0.2344288567212038,0.15376224568338134,0.0,0.2404164456433173,0.08404030446017571,0.13452901698030406,0.09417317018944693,0.14652290448336028,0.2900645046487091,0.14155147434342935,0.073050877208032,0.02775173453110508,0.0,0.0,0.0,0.0004371909192136576,0.0,0.0,0.0,0.0,0.010897876961071515,0.009694312027054858,0.008920708902115316,0.034919536804412704,0.00691065266089384,0.010745555644841448,0.009799555651120118,0.00798305615450725,0.0,0.02333367596076734,0.0019302058290331591,0.007564371545385625,0.05255093692654736,0.012962602275940484,0.05458810914718893,0.00751037679869945,0.0012123767087257819,0.0035660171664277365,0.002649170266924283,0.01097134389094152,0.00241938866243085,0.0011427445973755798,0.008395246282159942,0.0,0.008125436767993151,0.00118715034428679,0.05033378411677372,0.0053749508565101725,0.0012286743022575032,0.013824064797934252,0.004601649455836213,0.03164747253880667,0.0026602639784829435,0.04267005126186539,0.0013242771520209284,0.011174144862793072,0.0034358448133004656,0.0035356314451124022,0.009960067017220684,0.001369049467376994,0.0017194447468991147,0.0015674553198563863,0.044266846581441754,0.0013415344544379952,0.001004050524435454,0.0,0.015392505189898521,0.0026819310786902477,0.017484815677150697,0.006069497678054264,0.007104242215528826,0.0,0.11841555667083276,0.10789848425930891,0.10689652201369551,0.07970029911608846,0.08324598221014468,0.11984249102678578,0.08006373400046009
/Users/narjes/Documents/ETS/Contrib5-Recommendation/APPROACHES/MainApproach_GA/Experiment_6/Gits/puppet-openstack-integration/copy_logs.sh,0.13904560376027725,0.05894127558429065,0.2604187212432431,0.06957437293950838,1.0000000000000002,0.06538669870889888,0.02104595953544398,0.025373993670106506,0.026843223278988214,0.023459678916368926,0.021489509045139476,0.08285882333994188,0.0320250646818959,0.01598571693424334,0.029746751043427774,0.13110362685610996,0.07022580976014277,0.022334759094512227,0.01606960012132638,0.06890338556652216,0.03819693689670258,0.007627007498929672,0.008060021822721083,0.00363594480475124,0.20225535029547867,0.00022931798256654477,0.0002158308794552979,0.0002841416279128024,0.0003171680252568633,0.02180041520502789,0.04138538784143935,0.031041541458861455,0.05359302989642258,0.028406795073504302,0.03373266873723084,0.034494765084002066,0.03449505002853041,0.0020384047485798467,0.03756546990631373,0.017036572990439234,0.014347797692552854,0.047299452075126494,0.03645552223389578,0.03641560398574097,0.009970335504139576,0.017435110848701977,0.007640637832542913,0.016767241763004852,0.03302275103487114,0.011410698040015814,0.012286930365312193,0.030810981790236752,0.0056377119091456165,0.05543116729177619,0.028612782381527306,0.028982125327338244,0.018016155484219434,0.009715353964835747,0.019064711807034864,0.0444831543768393,0.053521614180280994,0.028590875080436957,0.03041334165787389,0.009055756428855127,0.026115202473110406,0.033009999342367785,0.04280989494016265,0.05241073526148496,0.020111194620990928,0.008644657352232618,0.018421495609693875,0.015479349350403057,0.00928709579066562,0.01656139508122312,0.012642209626256264,0.015906882464259968,0.0407265847880326,0.026814779196159703,0.02307835547525025,0.03731117165674512,0.008189275243097666,0.08198283692605161,0.05686267310115956,0.04699745327272652,0.06638972591966831,0.045346668766790534,0.10865429060011474,0.04933025197832463
/Users/narjes/Documents/ETS/Contrib5-Recommendation/APPROACHES/MainApproach_GA/Experiment_6/Gits/puppet-openstack-integration/install_modules_unit.sh,0.2911826039175387,0.12304556660998636,0.20591882739445305,0.5890276197102078,0.06538669870889888,0.9999999999999998,0.2338842473196806,0.23586871014858485,0.0859925855355116,0.20730691137840296,0.15851385224431364,0.0,0.2777514919253435,0.09571522410278739,0.15821296385096145,0.09621328735108833,0.08233861403060747,0.24001722215829152,0.15265476663530414,0.053809356861869266,0.02661908324707538,0.0020072890369269183,0.0021212504962674003,0.0,0.0005684136203469674,0.0,0.0,0.0,0.0,0.004870992785425134,0.0,0.0,0.0077426626228302,0.0,0.0,0.0,0.0,0.0,0.008839451269199904,0.0005803588629964978,0.0,0.029020866091306545,0.015171832771916664,0.026528230406711352,0.0026748432765434475,0.0007161072988890007,0.0,0.004177904303569057,0.011517994134710838,0.0005386907761699345,0.0006749781161720719,0.011163078829838727,0.0,0.015755941442956892,0.0004267880735759684,0.05389113160684663,0.0022666721324501524,0.0007257337009787091,0.0042859586002470034,0.007613235536861286,0.018193649455026828,0.004504113925935934,0.030086479045370533,0.0005919083576039058,0.012728550493650705,0.00202942990486869,0.0058495535615027605,0.007964663369334426,0.0011918056675200605,0.0006181512852866698,0.0009258394582747082,0.06326851708882815,0.0031690548777538047,0.0005930565176868508,0.008473156859411904,0.012883464804780828,0.010717062379522588,0.011679298370089377,0.005036981136299507,0.0011161268487993405,0.0,0.07650857275021032,0.06204376094960333,0.054943118587424435,0.07742451083551817,0.05787747753342069,0.09117030164215398,0.04788433072179563
/Users/narjes/Documents/ETS/Contrib5-Recommendation/APPROACHES/MainApproach_GA/Experiment_6/Gits/puppet-openstack-integration/playbooks/run-unit-tests.yaml,0.27029869987738725,0.09873152515333948,0.09305031052451589,0.26130174762623415,0.02104595953544398,0.2338842473196806,1.0000000000000004,0.6415388966734664,0.11100207812578786,0.4600661356623406,0.23306329273961424,0.051782094406366656,0.32278067362625534,0.17461686749417113,0.33700671565266205,0.17561749280515943,0.24925467172521779,0.7347990237705745,0.7227980636352762,0.0980963316964163,0.10869405334953637,0.010062286420990805,0.01063356082330289,0.0,0.0017890373464919487,0.0,0.0,0.0,0.0,0.0,0.02628821613197612,0.029522608870542432,0.02633617595434684,0.034141951276618954,0.005718735542637568,0.025713459113719316,0.04014953010589178,0.004628854808333079,0.012788862967623814,0.006456497451457841,0.02282292264324062,0.024147040351914537,0.012563795838064322,0.020540410958302127,0.016393122653893102,0.006438174367664752,0.0063876293781957505,0.008263767733443818,0.026134129691560416,0.006578340593509223,0.012113144734312515,0.0159427294521193,0.0,0.011918961263786866,0.00642645075475982,0.03027937927749084,0.007745998984135598,0.0088624563040966,0.032787049431556296,0.00047126659181131217,0.018352331775283268,0.006619388608637568,0.04472641183054438,0.010558274009933645,0.020495201803988998,0.00874260878028744,0.009640782806042207,0.004192509728206235,0.009844096135298082,0.0075486900329780615,0.010883259457622776,0.03274619708279552,0.009943576329107504,0.006597758971484374,0.04710694890984748,0.023016279783013512,0.0038229650873556177,0.016418064006965202,0.008109232210313223,0.009651471111301118,0.0015476207032106579,0.07813048746876981,0.04916523622977323,0.1258928492520172,0.09334417505827246,0.12023651998117263,0.10429875580322202,0.04408396423861951
/Users/narjes/Documents/ETS/Contrib5-Recommendation/APPROACHES/MainApproach_GA/Experiment_6/Gits/puppet-openstack-integration/playbooks/run-litmus-tests.yaml,0.25628283354379516,0.11098524107899624,0.09708106315488614,0.25080524578178814,0.025373993670106506,0.23586871014858485,0.6415388966734664,1.0000000000000002,0.10337218571979324,0.4743700542199617,0.32378588198633373,0.06201085249448726,0.4298728567476785,0.28812047998486756,0.480092386727896,0.26108530630448806,0.2602983401331105,0.7962423001021386,0.27400661336120624,0.1385980102458056,0.1428008066477583,0.010138632260211111,0.010714241107185656,0.0,0.0017602187464892149,0.0,0.0,0.0,0.0,0.0,0.012093738068596491,0.014506865004120082,0.01025870840929792,0.02770943115262078,0.005373821542583142,0.018434791930738416,0.0163198278223472,0.01246512630972333,0.007148640175728221,0.014841495887669452,0.0193507689819461,0.027461152688930866,0.011603995163942763,0.04399168295423364,0.021484116539795598,0.012772094792402093,0.011492585156142857,0.01575603134032912,0.022843984831650385,0.012309881378640454,0.020523797767354204,0.025256601758830897,0.002507664171520848,0.013239359894280801,0.01329167292139013,0.021068953155885636,0.013633530901684721,0.01612832868690074,0.01495322298489966,0.0025169649239374843,0.04621624079804149,0.015496563842844563,0.051312893985256625,0.015833979013778636,0.01985632494395017,0.009968659116523742,0.013121818397120009,0.005673596337252986,0.014673232453241253,0.013737472979260257,0.01553173093495395,0.018499122642823256,0.014609358463285255,0.013986325561047423,0.039969617469375024,0.028324451710914675,0.009453562210557943,0.020937513881464666,0.016742132468787894,0.013431196303882943,0.006899613526615317,0.06371559747011833,0.0624919943896419,0.07545043885439448,0.2079777086884216,0.06288091218437006,0.08731730072823084,0.059181432970912835
/Users/narjes/Documents/ETS/Contrib5-Recommendation/APPROACHES/MainApproach_GA/Experiment_6/Gits/puppet-openstack-integration/playbooks/prepare-node-common.yaml,0.18344019861146715,0.08337031501668182,0.05486388837527575,0.13192880555519998,0.026843223278988214,0.0859925855355116,0.11100207812578786,0.10337218571979324,1.0000000000000002,0.11409842133047143,0.06443769998655705,0.06584438165858401,0.049936271462556386,0.05249897026116402,0.10462464766971223,0.09238765251006104,0.2733149509474333,0.08641933665004506,0.05761392265833982,0.11403329697447503,0.049915599317580384,0.01107411789035277,0.011702837826782674,0.0,0.0033274862148206354,0.0,0.005932563086624625,0.0,0.004359013232131614,0.033040985750024454,0.051520356077794024,0.050395856119051306,0.05614712755372607,0.06904479502098661,0.01898205554637585,0.059449110507025484,0.07360886126620073,0.0016192113667738537,0.02426009139779013,0.00648749852676042,0.062298360232794635,0.06653827304325509,0.01310589438666843,0.01611185647241384,0.01716208775994237,0.006028255147994883,0.012486343673030535,0.006828470335232701,0.02767873814450737,0.007716890722060562,0.012574755177334425,0.020722479923426716,0.017582671178423267,0.02263854651992425,0.0071176080264502735,0.14873412678829068,0.013403185392586621,0.0084487393734907,0.04329630668523431,0.003780628450136209,0.05262592518928489,0.01612835338315495,0.1905122869779522,0.011438075916767626,0.026172164825803233,0.014558421804992738,0.01498639772258455,0.03729688856398462,0.01033421565562713,0.007877451714917372,0.03205841577146667,0.04962283782626477,0.00916174138402297,0.00543521602719378,0.02528205039286847,0.03208915410534841,0.04172706636800172,0.016196118174063346,0.012374809582979847,0.013287419422936868,0.005068723027747191,0.1521421742680379,0.14974522949119748,0.14879713284035065,0.1221504902792221,0.15194027861010942,0.21248603507355257,0.1914668729483512
/Users/narjes/Documents/ETS/Contrib5-Recommendation/APPROACHES/MainApproach_GA/Experiment_6/Gits/puppet-openstack-integration/playbooks/run-lint-tests.yaml,0.20315955335968727,0.02302363898338875,0.05654086595132019,0.2344288567212038,0.023459678916368926,0.20730691137840296,0.4600661356623406,0.4743700542199617,0.11409842133047143,1.0000000000000002,0.11135840575755142,0.03889946659982012,0.15520726630844048,0.1036590904621995,0.1134291689286976,0.12229727636101977,0.23723546321592553,0.5692751922799696,0.11938369285217638,0.07637135346982059,0.08397608036724745,0.0005546326616645522,0.0005861212745939363,0.0,0.0008891973796479508,0.0,0.0,0.0,0.0,0.0,0.005349967484387221,0.004364395912346252,0.006718723678300481,0.009388851596947162,0.0018710068517298014,0.006757593276332532,0.0044055824418956875,0.0064684844065352794,0.0031643809579614364,0.008175476574020757,0.03465831940553958,0.027451065259590447,0.014219477956606429,0.020121629774572672,0.028086663330593908,0.006214534153470126,0.009088722644407644,0.010363928680523991,0.01355268215835824,0.005921629934728957,0.007179997907471824,0.007108106988891728,0.00130129339946254,0.003282090158963308,0.006527971194889169,0.04350418484465846,0.006614855626905227,0.0077412180370016815,0.014759257236646159,0.0022291268562249136,0.013968666737098012,0.006268845050966457,0.03054660477781652,0.005735053827356725,0.00024309445582348295,0.0040018774635989605,0.005796578049109268,0.006262776807933407,0.006754634470879205,0.006593663588729118,0.009388095210593752,0.03153445250841523,0.00659142236011386,0.006915639645255868,0.0077818499097533295,0.014897344660899398,0.001749939658939088,0.011885448478375379,0.007230406333613013,0.00632571994934477,0.0035803923200696114,0.09399122130784526,0.039169178521457,0.026909363938665783,0.04803317198532771,0.02653096935267138,0.09524241509128466,0.028342690903959307
/Users/narjes/Documents/ETS/Contrib5-Recommendation/APPROACHES/MainApproach_GA/Experiment_6/Gits/puppet-openstack-integration/playbooks/run-libraries-syntax-tests.yaml,0.17587170585307088,0.07912723311129331,0.08387766608878014,0.15376224568338134,0.021489509045139476,0.15851385224431364,0.23306329273961424,0.32378588198633373,0.06443769998655705,0.11135840575755142,1.0000000000000002,0.11551178312266214,0.5417393467222709,0.7549824005012254,0.5647737823844319,0.5376830743295494,0.23874204447937475,0.30567922798259967,0.3459741287095401,0.24011465798612894,0.3499803837926395,0.0,0.0,0.0,0.0,0.0,0.0,0.0,0.0,0.0,0.0,0.0,0.004492644514859799,0.0,0.0,0.0,0.0,0.015692968958688994,0.0,0.012599231531773798,0.004535885760066183,0.028231212180931282,0.006433743156512624,0.01906386176533713,0.014097730556386858,0.01036416400904246,0.015884984830589807,0.01080948062027406,0.02984246915008314,0.010395238372881479,0.009768904617192304,0.013235107509941814,0.0,0.002135727418951977,0.012353739721706832,0.005429299779472686,0.009790547944863268,0.01400464821496646,0.007468822872442814,0.0015977109463982812,0.0299602139311468,0.01041252943886931,0.009168741373183645,0.01142219014021571,0.0,0.004895296280214472,0.01128801649048039,0.00275248324610664,0.012936681511535802,0.011928605881736712,0.008933067252620799,0.011653482938175645,0.011571038279152587,0.012874889752151895,0.0,0.0056062322854167086,0.002140613544748648,0.01903894333413416,0.014262133036385669,0.01211521136615849,0.00524681906453128,0.06653314414374367,0.0661581395419863,0.06554378468319341,0.04030910512519872,0.04798704815174838,0.07432856174085717,0.04909121497504192
/Users/narjes/Documents/ETS/Contrib5-Recommendation/APPROACHES/MainApproach_GA/Experiment_6/Gits/puppet-openstack-integration/playbooks/upload-logs.yaml,0.0017329134531272688,0.003697743016952901,0.061948716961876635,0.0,0.08285882333994188,0.0,0.051782094406366656,0.06201085249448726,0.06584438165858401,0.03889946659982012,0.11551178312266214,1.0000000000000002,0.07118203703263534,0.128584768281141,0.10445567975185721,0.2390712609538111,0.10133041060157508,0.05172631431486343,0.06536407426442467,0.1189347217077424,0.1410580861124972,0.004659979641503181,0.004924544470321091,0.0,0.2034551982444622,0.0,0.0,0.0,0.0,0.015441405113530555,0.07478408201975625,0.07175887285225722,0.0477987475395117,0.07926599529778264,0.0729432739201104,0.08293624247939263,0.10499500797343857,0.03119611592583176,0.019766086323742545,0.01671291989888112,0.04662918511324532,0.02534371306399567,0.01799259479117551,0.0,0.018130038611092872,0.027202905896995568,0.01766036607053412,0.017280574925358394,0.02999030114150037,0.014843509837376614,0.018544854338065825,0.02316434978773758,0.037975259788966265,0.030915008829232496,0.015887222219924408,0.08474094014306427,0.023172861092855435,0.026899325379356385,0.02550601571134503,0.014818850670207176,0.016909831384623267,0.01572328454282895,0.018491673379110805,0.019806985098594476,0.016661940215283697,0.020844798105151684,0.03857189703525947,0.052835229672375944,0.02631875921563157,0.01899261228070437,0.03922045891522241,0.07367080409537646,0.020065099596224486,0.017561502206035782,0.0,0.028041698047645426,0.0253154854595056,0.023201888794545166,0.019081327310438864,0.04359750615433102,0.01732558897900008,0.01730552313388503,0.005668339702165181,0.013412993096970575,0.02818208565698521,0.011839355769497387,0.06620573304461885,0.029444906116817812
/Users/narjes/Documents/ETS/Contrib5-Recommendation/APPROACHES/MainApproach_GA/Experiment_6/Gits/puppet-openstack-integration/playbooks/run-integration-tests.yaml,0.33042018147725644,0.21055598935125322,0.19107946218305677,0.2404164456433173,0.0320250646818959,0.2777514919253435,0.32278067362625534,0.4298728567476785,0.049936271462556386,0.15520726630844048,0.5417393467222709,0.07118203703263534,1.0000000000000004,0.4555388076346938,0.6263769665943855,0.4456624674695215,0.26856249822373646,0.3829026869737403,0.3178897251467347,0.22733233682702045,0.19672393680446237,0.003667382679501488,0.0038755939905919154,0.0,0.0005620032501663487,0.0,0.0,0.0,0.0,0.0,0.0,0.0038445540248995013,0.005537021065489481,0.0038526442983580576,0.0,0.027565614881063072,0.0,0.009670506916019051,0.0057521258351359555,0.007764047452415437,0.0027951571642347035,0.025208020669379123,0.005218878634350565,0.011747758345347878,0.00868747024253985,0.006386727711756965,0.00978883320737223,0.007734080551036689,0.01649893004907258,0.006405876723725777,0.00601990992980214,0.02521966293892548,0.0,0.014671438150020486,0.007612767586041639,0.006691414633489156,0.009191866030945881,0.008630109941322482,0.00742204977519606,0.005212981669593789,0.0799175153632728,0.01135505513435103,0.0536310113324584,0.009352086895286644,0.03480367655445282,0.0030166373653319973,0.0069560350133036335,0.002445108788161506,0.007971994869611601,0.007350786583562918,0.005504840344433436,0.014362494139382051,0.008422533531636585,0.007933916820897677,0.015480734530628433,0.005725632229530847,0.012792733620776993,0.01896230438106262,0.010904939461840388,0.007465778821960786,0.0032332568925752324,0.1096057305617198,0.1499975069161666,0.10038287349678418,0.07611702939787501,0.0846565169966009,0.14063449128103178,0.16937303723712543
/Users/narjes/Documents/ETS/Contrib5-Recommendation/APPROACHES/MainApproach_GA/Experiment_6/Gits/puppet-openstack-integration/playbooks/run-libraries-lint-tests.yaml,0.09346828900453567,0.01571520338526707,0.052019805916629074,0.08404030446017571,0.01598571693424334,0.09571522410278739,0.17461686749417113,0.28812047998486756,0.05249897026116402,0.1036590904621995,0.7549824005012254,0.128584768281141,0.4555388076346938,1.0,0.5546310978165888,0.5799748905928855,0.21653440090794462,0.26509589122155425,0.3073103685567693,0.2268931683564331,0.38958922922290523,0.0,0.0,0.0,0.0,0.0,0.0,0.0,0.0,0.0,0.0,0.0,0.0,0.0,0.0,0.0,0.0,0.017469012447443363,0.0,0.014025142918218351,0.005049232239697033,0.031426264736351274,0.005979859206271375,0.02122140427038959,0.015693233779951257,0.011537122806902719,0.01768275961441808,0.012032837890844873,0.033219874863551525,0.011571713995487187,0.010874495247193545,0.014732983824989335,0.0,0.0023774372436619544,0.013751867701967398,0.0,0.010898588047063566,0.0155896168936125,0.0032208549956276623,0.0017785310404628337,0.026101733497953392,0.011590961968752547,0.003213120517179468,0.012714890487692799,0.0,0.005449318855986183,0.012565531805883426,0.0017110908760485327,0.014400783621540333,0.013278619563784127,0.009944062429530106,0.0,0.012880584436282901,0.01433199861236403,0.0,0.0062407146687802366,0.0023828763541697564,0.01856736214668611,0.015876242423952917,0.013486344025529165,0.005840625046099445,0.0,0.0,0.0,0.0,0.0,0.007545545040913833,0.0
