,/Users/narjes/Documents/ETS/Contrib5-Recommendation/APPROACHES/MainApproach_GA/Experiment_6/Gits/eyp-systemd/.fixtures.yml,/Users/narjes/Documents/ETS/Contrib5-Recommendation/APPROACHES/MainApproach_GA/Experiment_6/Gits/eyp-systemd/metadata.json,/Users/narjes/Documents/ETS/Contrib5-Recommendation/APPROACHES/MainApproach_GA/Experiment_6/Gits/eyp-systemd/.rubocop.yml,/Users/narjes/Documents/ETS/Contrib5-Recommendation/APPROACHES/MainApproach_GA/Experiment_6/Gits/eyp-systemd/.travis.yml,/Users/narjes/Documents/ETS/Contrib5-Recommendation/APPROACHES/MainApproach_GA/Experiment_6/Gits/eyp-systemd/tests/init.pp,/Users/narjes/Documents/ETS/Contrib5-Recommendation/APPROACHES/MainApproach_GA/Experiment_6/Gits/eyp-systemd/spec/spec_helper.rb,/Users/narjes/Documents/ETS/Contrib5-Recommendation/APPROACHES/MainApproach_GA/Experiment_6/Gits/eyp-systemd/spec/spec_helper_acceptance.rb,/Users/narjes/Documents/ETS/Contrib5-Recommendation/APPROACHES/MainApproach_GA/Experiment_6/Gits/eyp-systemd/spec/classes/system_spec.rb,/Users/narjes/Documents/ETS/Contrib5-Recommendation/APPROACHES/MainApproach_GA/Experiment_6/Gits/eyp-systemd/spec/classes/init_spec.rb,/Users/narjes/Documents/ETS/Contrib5-Recommendation/APPROACHES/MainApproach_GA/Experiment_6/Gits/eyp-systemd/spec/classes/logind_spec.rb,/Users/narjes/Documents/ETS/Contrib5-Recommendation/APPROACHES/MainApproach_GA/Experiment_6/Gits/eyp-systemd/spec/defines/service_spec.rb,/Users/narjes/Documents/ETS/Contrib5-Recommendation/APPROACHES/MainApproach_GA/Experiment_6/Gits/eyp-systemd/spec/defines/timer_spec.rb,/Users/narjes/Documents/ETS/Contrib5-Recommendation/APPROACHES/MainApproach_GA/Experiment_6/Gits/eyp-systemd/spec/defines/service_dropin_spec.rb,/Users/narjes/Documents/ETS/Contrib5-Recommendation/APPROACHES/MainApproach_GA/Experiment_6/Gits/eyp-systemd/spec/acceptance/socket_spec.rb,/Users/narjes/Documents/ETS/Contrib5-Recommendation/APPROACHES/MainApproach_GA/Experiment_6/Gits/eyp-systemd/spec/acceptance/service_spec.rb,/Users/narjes/Documents/ETS/Contrib5-Recommendation/APPROACHES/MainApproach_GA/Experiment_6/Gits/eyp-systemd/spec/acceptance/target_spec.rb,/Users/narjes/Documents/ETS/Contrib5-Recommendation/APPROACHES/MainApproach_GA/Experiment_6/Gits/eyp-systemd/spec/acceptance/logind_spec.rb,/Users/narjes/Documents/ETS/Contrib5-Recommendation/APPROACHES/MainApproach_GA/Experiment_6/Gits/eyp-systemd/spec/acceptance/timer_spec.rb,/Users/narjes/Documents/ETS/Contrib5-Recommendation/APPROACHES/MainApproach_GA/Experiment_6/Gits/eyp-systemd/spec/acceptance/version.rb,/Users/narjes/Documents/ETS/Contrib5-Recommendation/APPROACHES/MainApproach_GA/Experiment_6/Gits/eyp-systemd/spec/acceptance/service_dropin_spec.rb,/Users/narjes/Documents/ETS/Contrib5-Recommendation/APPROACHES/MainApproach_GA/Experiment_6/Gits/eyp-systemd/spec/acceptance/nodesets/debian9-docker.yml,/Users/narjes/Documents/ETS/Contrib5-Recommendation/APPROACHES/MainApproach_GA/Experiment_6/Gits/eyp-systemd/spec/acceptance/nodesets/ubuntu16-docker.yml,/Users/narjes/Documents/ETS/Contrib5-Recommendation/APPROACHES/MainApproach_GA/Experiment_6/Gits/eyp-systemd/spec/acceptance/nodesets/centos7-docker.yml,/Users/narjes/Documents/ETS/Contrib5-Recommendation/APPROACHES/MainApproach_GA/Experiment_6/Gits/eyp-systemd/spec/acceptance/nodesets/debian8-docker.yml,/Users/narjes/Documents/ETS/Contrib5-Recommendation/APPROACHES/MainApproach_GA/Experiment_6/Gits/eyp-systemd/spec/acceptance/nodesets/archlinux-docker.yml,/Users/narjes/Documents/ETS/Contrib5-Recommendation/APPROACHES/MainApproach_GA/Experiment_6/Gits/eyp-systemd/examples/socket_demo.pp,/Users/narjes/Documents/ETS/Contrib5-Recommendation/APPROACHES/MainApproach_GA/Experiment_6/Gits/eyp-systemd/examples/sysv_wrapper_demo.pp,/Users/narjes/Documents/ETS/Contrib5-Recommendation/APPROACHES/MainApproach_GA/Experiment_6/Gits/eyp-systemd/examples/targte_demo.pp,/Users/narjes/Documents/ETS/Contrib5-Recommendation/APPROACHES/MainApproach_GA/Experiment_6/Gits/eyp-systemd/examples/service_demo.pp,/Users/narjes/Documents/ETS/Contrib5-Recommendation/APPROACHES/MainApproach_GA/Experiment_6/Gits/eyp-systemd/examples/mount_demo.pp,/Users/narjes/Documents/ETS/Contrib5-Recommendation/APPROACHES/MainApproach_GA/Experiment_6/Gits/eyp-systemd/examples/timer_demo.pp,/Users/narjes/Documents/ETS/Contrib5-Recommendation/APPROACHES/MainApproach_GA/Experiment_6/Gits/eyp-systemd/examples/ntp_timesyncd.pp,/Users/narjes/Documents/ETS/Contrib5-Recommendation/APPROACHES/MainApproach_GA/Experiment_6/Gits/eyp-systemd/.github/workflows/puppet-metadata-lint.yml,/Users/narjes/Documents/ETS/Contrib5-Recommendation/APPROACHES/MainApproach_GA/Experiment_6/Gits/eyp-systemd/.github/workflows/puppet-lint.yml,/Users/narjes/Documents/ETS/Contrib5-Recommendation/APPROACHES/MainApproach_GA/Experiment_6/Gits/eyp-systemd/.github/workflows/puppet-validate.yml,/Users/narjes/Documents/ETS/Contrib5-Recommendation/APPROACHES/MainApproach_GA/Experiment_6/Gits/eyp-systemd/lib/facter/eyp_systemd_release.rb,/Users/narjes/Documents/ETS/Contrib5-Recommendation/APPROACHES/MainApproach_GA/Experiment_6/Gits/eyp-systemd/lib/facter/eyp_systemd_available.rb,/Users/narjes/Documents/ETS/Contrib5-Recommendation/APPROACHES/MainApproach_GA/Experiment_6/Gits/eyp-systemd/templates/logind.erb,/Users/narjes/Documents/ETS/Contrib5-Recommendation/APPROACHES/MainApproach_GA/Experiment_6/Gits/eyp-systemd/templates/journald.erb,/Users/narjes/Documents/ETS/Contrib5-Recommendation/APPROACHES/MainApproach_GA/Experiment_6/Gits/eyp-systemd/templates/system.conf.erb,/Users/narjes/Documents/ETS/Contrib5-Recommendation/APPROACHES/MainApproach_GA/Experiment_6/Gits/eyp-systemd/templates/timesyncd.erb,/Users/narjes/Documents/ETS/Contrib5-Recommendation/APPROACHES/MainApproach_GA/Experiment_6/Gits/eyp-systemd/templates/resolved.erb,/Users/narjes/Documents/ETS/Contrib5-Recommendation/APPROACHES/MainApproach_GA/Experiment_6/Gits/eyp-systemd/templates/section/timer.erb,/Users/narjes/Documents/ETS/Contrib5-Recommendation/APPROACHES/MainApproach_GA/Experiment_6/Gits/eyp-systemd/templates/section/socket.erb,/Users/narjes/Documents/ETS/Contrib5-Recommendation/APPROACHES/MainApproach_GA/Experiment_6/Gits/eyp-systemd/templates/section/automount.erb,/Users/narjes/Documents/ETS/Contrib5-Recommendation/APPROACHES/MainApproach_GA/Experiment_6/Gits/eyp-systemd/templates/section/install.erb,/Users/narjes/Documents/ETS/Contrib5-Recommendation/APPROACHES/MainApproach_GA/Experiment_6/Gits/eyp-systemd/templates/section/mount.erb,/Users/narjes/Documents/ETS/Contrib5-Recommendation/APPROACHES/MainApproach_GA/Experiment_6/Gits/eyp-systemd/templates/section/unit.erb,/Users/narjes/Documents/ETS/Contrib5-Recommendation/APPROACHES/MainApproach_GA/Experiment_6/Gits/eyp-systemd/templates/section/service.erb,/Users/narjes/Documents/ETS/Contrib5-Recommendation/APPROACHES/MainApproach_GA/Experiment_6/Gits/eyp-systemd/templates/sysv/status.erb,/Users/narjes/Documents/ETS/Contrib5-Recommendation/APPROACHES/MainApproach_GA/Experiment_6/Gits/eyp-systemd/templates/sysv/wrapper.erb,/Users/narjes/Documents/ETS/Contrib5-Recommendation/APPROACHES/MainApproach_GA/Experiment_6/Gits/eyp-systemd/templates/tmpfiles/tmpfile.erb,/Users/narjes/Documents/ETS/Contrib5-Recommendation/APPROACHES/MainApproach_GA/Experiment_6/Gits/eyp-systemd/manifests/tmpfile.pp,/Users/narjes/Documents/ETS/Contrib5-Recommendation/APPROACHES/MainApproach_GA/Experiment_6/Gits/eyp-systemd/manifests/service.pp,/Users/narjes/Documents/ETS/Contrib5-Recommendation/APPROACHES/MainApproach_GA/Experiment_6/Gits/eyp-systemd/manifests/params.pp,/Users/narjes/Documents/ETS/Contrib5-Recommendation/APPROACHES/MainApproach_GA/Experiment_6/Gits/eyp-systemd/manifests/system.pp,/Users/narjes/Documents/ETS/Contrib5-Recommendation/APPROACHES/MainApproach_GA/Experiment_6/Gits/eyp-systemd/manifests/logind.pp,/Users/narjes/Documents/ETS/Contrib5-Recommendation/APPROACHES/MainApproach_GA/Experiment_6/Gits/eyp-systemd/manifests/timer.pp,/Users/narjes/Documents/ETS/Contrib5-Recommendation/APPROACHES/MainApproach_GA/Experiment_6/Gits/eyp-systemd/manifests/sysvwrapper.pp,/Users/narjes/Documents/ETS/Contrib5-Recommendation/APPROACHES/MainApproach_GA/Experiment_6/Gits/eyp-systemd/manifests/journald.pp,/Users/narjes/Documents/ETS/Contrib5-Recommendation/APPROACHES/MainApproach_GA/Experiment_6/Gits/eyp-systemd/manifests/target.pp,/Users/narjes/Documents/ETS/Contrib5-Recommendation/APPROACHES/MainApproach_GA/Experiment_6/Gits/eyp-systemd/manifests/mount.pp,/Users/narjes/Documents/ETS/Contrib5-Recommendation/APPROACHES/MainApproach_GA/Experiment_6/Gits/eyp-systemd/manifests/automount.pp,/Users/narjes/Documents/ETS/Contrib5-Recommendation/APPROACHES/MainApproach_GA/Experiment_6/Gits/eyp-systemd/manifests/init.pp,/Users/narjes/Documents/ETS/Contrib5-Recommendation/APPROACHES/MainApproach_GA/Experiment_6/Gits/eyp-systemd/manifests/socket.pp,/Users/narjes/Documents/ETS/Contrib5-Recommendation/APPROACHES/MainApproach_GA/Experiment_6/Gits/eyp-systemd/manifests/resolved.pp,/Users/narjes/Documents/ETS/Contrib5-Recommendation/APPROACHES/MainApproach_GA/Experiment_6/Gits/eyp-systemd/manifests/timesyncd.pp,/Users/narjes/Documents/ETS/Contrib5-Recommendation/APPROACHES/MainApproach_GA/Experiment_6/Gits/eyp-systemd/manifests/journald/service.pp,/Users/narjes/Documents/ETS/Contrib5-Recommendation/APPROACHES/MainApproach_GA/Experiment_6/Gits/eyp-systemd/manifests/journald/config.pp,/Users/narjes/Documents/ETS/Contrib5-Recommendation/APPROACHES/MainApproach_GA/Experiment_6/Gits/eyp-systemd/manifests/resolved/service.pp,/Users/narjes/Documents/ETS/Contrib5-Recommendation/APPROACHES/MainApproach_GA/Experiment_6/Gits/eyp-systemd/manifests/resolved/config.pp,/Users/narjes/Documents/ETS/Contrib5-Recommendation/APPROACHES/MainApproach_GA/Experiment_6/Gits/eyp-systemd/manifests/timesyncd/service.pp,/Users/narjes/Documents/ETS/Contrib5-Recommendation/APPROACHES/MainApproach_GA/Experiment_6/Gits/eyp-systemd/manifests/timesyncd/config.pp,/Users/narjes/Documents/ETS/Contrib5-Recommendation/APPROACHES/MainApproach_GA/Experiment_6/Gits/eyp-systemd/manifests/service/dropin.pp
/Users/narjes/Documents/ETS/Contrib5-Recommendation/APPROACHES/MainApproach_GA/Experiment_6/Gits/eyp-systemd/.fixtures.yml,1.0000000000000002,0.13732513604996047,0.002378661149317371,0.0,0.032775094451698863,0.0,0.15181221467191297,0.013724965774372095,0.015740570828915983,0.010057473854073401,0.012958722168128663,0.010001134011763932,0.012269127020200117,0.007198187836695055,0.014068651891175598,0.014473686244010056,0.016641774704909743,0.015327047525906056,0.0,0.01548556914225306,0.0,0.0,0.0,0.0,0.0,0.007329388349860636,0.010137316489098835,0.025770901177829396,0.028067710353563566,0.0059051563994325955,0.0224721853181967,0.0037364432707999874,0.0,0.0,0.0,0.0,0.0,0.00341670781864011,0.003300686154173892,0.004980263654575202,0.006970297835055393,0.006369652487215252,0.0,0.0,0.0,0.0,0.0,0.0,0.0,0.0,0.0,0.0,0.003562117348811426,0.005944380928684056,0.0016027226522001188,0.001851434499752937,0.0036419990455442736,0.00661867779033954,0.006592552742687163,0.00749839731397446,0.013885540526028297,0.010363854026387313,0.010612566343153525,0.043841065751176016,0.00995887551681305,0.025598438025135724,0.02704870936147943,0.028094510021212753,0.01686842510066053,0.028094510021212753,0.017838869984069618,0.028832791005821666,0.021501091943312275,0.007230216639784086
/Users/narjes/Documents/ETS/Contrib5-Recommendation/APPROACHES/MainApproach_GA/Experiment_6/Gits/eyp-systemd/metadata.json,0.13732513604996047,1.0,0.0,0.008130695356113037,0.0412763889292275,0.005611292991008408,0.05844358942206044,0.012192126070458007,0.013982623135240358,0.0201788473385861,0.0198351990824319,0.01674363257188891,0.01877967394129701,0.03410853101325304,0.027332468291863393,0.018186657555496744,0.029853726827618825,0.040670220845684876,0.21029550149402942,0.031381412556623196,0.018645195939177624,0.08634870118797716,0.013156892940791797,0.018645195939177624,0.037470441990536396,0.04196179995286583,0.009005154743774222,0.02289274022789213,0.0489712432557563,0.011847830899044707,0.060400311688215164,0.007139318937003128,0.05289425328732611,0.05275735976912331,0.05290302427615438,0.004324971826667705,0.0033018744940886,0.011076943199787467,0.010700801763219265,0.010382633857506603,0.022264381303511133,0.02065036946335977,0.00407953240374048,0.004569167819135335,0.006664420359175664,0.0,0.011404183546948948,0.0,0.0005013767472126942,0.004759418151059684,0.0024558757187273625,0.0,0.06213785960973683,0.018308895453237727,0.2988285158769011,0.0016446615024958671,0.010049642070351372,0.03837342473097888,0.014827905477151094,0.016185404641119044,0.02885683031948702,0.04835651456735744,0.020557823961330435,0.11620363355935986,0.04156030921306399,0.050020205716280526,0.05078480315138157,0.06324213407666252,0.04031263514333778,0.06324213407666252,0.04243924478228554,0.06214683210974306,0.04841032626855288,0.020123898626430037
/Users/narjes/Documents/ETS/Contrib5-Recommendation/APPROACHES/MainApproach_GA/Experiment_6/Gits/eyp-systemd/.rubocop.yml,0.002378661149317371,0.0,1.0000000000000002,0.01407206817540929,0.0017573678918127791,0.0,0.0003547430990716727,0.0,0.0,0.0,0.0,0.0,0.0,0.014313288379570795,0.0009793572242488553,0.00019591303863132885,0.00022525986785198882,0.001066957576106983,0.0,0.0008384387652039613,0.003682125086226229,0.0031982839100540557,0.0028667756157518967,0.003682125086226229,0.003184154532991329,0.001479870683974161,0.0,0.0,0.0015196765578820925,0.0,0.001520895933541556,0.0,0.011058653472997584,0.016005058853305314,0.006071725207833588,0.000851297932699201,0.06321649700298772,0.002239719608495088,0.0021636651108006815,0.0009704983408958556,0.0,0.0,0.0025290061707672323,0.0,0.0,0.000669397152119575,0.0,0.0005391172061992962,0.0,0.005946207000162631,0.0,0.0,0.0012277866167014415,0.0228845531092017,0.0,4.767270932267863e-05,0.05896344798570434,0.002256762792187471,0.0015574329233839538,0.03238328041856239,0.000414056681888239,0.0011173248094922322,0.0003931484355817927,0.00577327781295119,0.0003689320945555033,0.05992760844190506,0.009830488193939616,0.03968607501170804,0.0003419166047257373,0.03968607501170804,0.0003062228283020876,0.04072896469060916,0.0003690886918478602,0.01516537381098196
/Users/narjes/Documents/ETS/Contrib5-Recommendation/APPROACHES/MainApproach_GA/Experiment_6/Gits/eyp-systemd/.travis.yml,0.0,0.008130695356113037,0.01407206817540929,1.0000000000000002,0.0034088750685345526,0.061703887398397494,0.02620617184778742,0.016224676062858275,0.03721476132501642,0.011889228576271109,0.016166533700834915,0.0013801134107523396,0.015306235667257351,0.020944703641882535,0.040406099816907196,0.045003798397051924,0.020044892636185037,0.031855286300437935,0.0,0.0478694993001788,0.03356061164349774,0.02915065667716887,0.026129134903427158,0.03356061164349774,0.029021874920639054,0.01696329511011573,0.02238677911904647,0.058028582528690836,0.05198017122681159,0.0,0.039007584240883034,0.0,0.13035111778656808,0.130309625873785,0.13007605123257332,0.014634072474227662,0.0,0.002828945762899088,0.0013664414117544204,0.01569950037645778,0.03295915670597434,0.030118996269125464,0.0,0.0,0.0,0.0,0.0,0.0,0.024933198518851053,0.013681250241787598,0.007059570982044959,0.0,0.0,0.02477698506386872,0.07248754510683929,0.003178213003196519,0.017562257817788866,0.004544706889718693,0.017607515084308783,0.0020806496693242483,0.014792328624273057,0.005930272919780171,0.006072587922787657,0.04119740687506962,0.0056985412606593054,0.007103035406373417,0.007505455610324248,0.011136633705621178,0.016605784788187562,0.011136633705621178,0.020415063221974766,0.011429287497810713,0.0,0.027761630275330844
/Users/narjes/Documents/ETS/Contrib5-Recommendation/APPROACHES/MainApproach_GA/Experiment_6/Gits/eyp-systemd/tests/init.pp,0.032775094451698863,0.0412763889292275,0.0017573678918127791,0.0034088750685345526,1.0000000000000007,0.055416577267941886,0.16068355904626277,0.025074446850458995,0.0077118030141352335,0.0049274742336502045,0.021860968574429443,0.017338170228083517,0.020697642618184953,0.031245486712051795,0.12642657736836285,0.05992757399887247,0.0669795174581166,0.1387480830971721,0.0,0.11274390917778576,0.007473787797244526,0.006491711905307309,0.01381175706339876,0.007473787797244526,0.020519469825602696,0.006160819247477824,0.0049665916633888085,0.0261801443625509,0.17564000884247824,0.022637865846937725,0.1651490084401484,0.005760954728120348,0.07516425056635545,0.07496972095182036,0.07517671439297231,0.011397745615148851,0.018210750178650943,0.0134655608644943,0.009519203055842734,0.009098555024530223,0.03238157965754851,0.011636860548301048,0.0,0.023039060262074695,0.055589984039455476,0.017775929794815334,0.056790357248499984,0.03487605501992269,0.05386773801097183,0.02624950618197512,0.022099527722638734,0.04555202240525173,0.0257970532196286,0.023263550958425628,0.0024711234647170196,0.005593861603409831,0.003061332917297481,0.019911585189767676,0.0069411618326069655,0.009983734508910833,0.023424482841760484,0.018562528910312976,0.016833346907196317,0.042640905067357314,0.013755784166054746,0.03408301779494547,0.03601398029021825,0.017986177908274555,0.05335172960601707,0.017986177908274555,0.014994710104725214,0.018458827302246752,0.018073041673206933,0.018828075261557418
/Users/narjes/Documents/ETS/Contrib5-Recommendation/APPROACHES/MainApproach_GA/Experiment_6/Gits/eyp-systemd/spec/spec_helper.rb,0.0,0.005611292991008408,0.0,0.061703887398397494,0.055416577267941886,1.0,0.11646999047694542,0.09459548990486508,0.2169749685968387,0.06931832705972413,0.10856830915737536,0.05585973654017705,0.10279087383293675,0.010371504215392081,0.043437445359622254,0.026068001644587422,0.029972862687691348,0.03154852336863316,0.12980762973600207,0.030425961988377652,0.0,0.0,0.0,0.0,0.019757080452761998,0.0,0.0,0.0,0.06740223670472338,0.0,0.04047379181476043,0.0,0.013547234617864333,0.01351217355747495,0.013549481036635795,0.04672797680751098,0.0746596336440752,0.026726761010777034,0.0160109437361794,0.006239316261736385,0.013098671771560022,0.011969931443864976,0.0,0.0,0.0,0.0,0.0,0.0,0.0,0.03689509691623676,0.019037993675026094,0.0,0.0,0.008238559598994223,0.0,0.0,0.0,0.0,0.015831458813474503,0.0,0.020630996509831606,0.0,0.0,0.0,0.0,0.0,0.0,0.0,0.017360613731403157,0.0,0.0,0.0,0.0,0.003019358771969119
/Users/narjes/Documents/ETS/Contrib5-Recommendation/APPROACHES/MainApproach_GA/Experiment_6/Gits/eyp-systemd/spec/spec_helper_acceptance.rb,0.15181221467191297,0.05844358942206044,0.0003547430990716727,0.02620617184778742,0.16068355904626277,0.11646999047694542,1.0,0.05611228889899906,0.06791627627036649,0.041118345048821406,0.052979626617186595,0.049789250536784985,0.05016032908304139,0.03742352527510021,0.06275011684382432,0.05501821527746779,0.058536731234790466,0.07145093712664694,0.012308351325511845,0.056011039759726725,0.10027557752713231,0.08709909594763317,0.0780711067056237,0.10027557752713231,0.07774501414906725,0.005546895121645691,0.0,0.014627600476351465,0.04197144901218046,0.0,0.0386134685248144,0.0,0.03266238680500429,0.03257785457768747,0.03266780292134901,0.058736353808820335,0.08069541527079183,0.02505408318294196,0.024203317888730487,0.030339704491480084,0.0936864025722578,0.07779263484270654,0.025060153333714832,0.06673523508013311,0.05442388148688872,0.10288245253740298,0.053737766023805145,0.1186904545449852,0.08129323965337104,0.05056015830355748,0.026089211153903787,0.05600507825867051,0.018731701089755144,0.029959238607145208,0.0,0.005296489929845749,0.006945897454759965,0.05699085990083945,0.03222538390466675,0.0,0.03132259321812076,0.0658466232035652,0.057387300814777,0.009639786979975659,0.06138937305342338,0.0,0.0,0.0,0.027131271626570475,0.0,0.034021689755722055,0.0,0.04100615566781242,0.03206300648864829
/Users/narjes/Documents/ETS/Contrib5-Recommendation/APPROACHES/MainApproach_GA/Experiment_6/Gits/eyp-systemd/spec/classes/system_spec.rb,0.013724965774372095,0.012192126070458007,0.0,0.016224676062858275,0.025074446850458995,0.09459548990486508,0.05611228889899906,1.0000000000000004,0.5875567871863008,0.6727515717049287,0.5036378871196316,0.48254329974042326,0.5311838368374621,0.12318367936944437,0.15527181641369756,0.18817268895716166,0.2079490220469093,0.1838492195999063,0.15415878398872618,0.16160247227928745,0.0,0.0,0.0,0.0,0.0,0.011970716564656897,0.034330679671836145,0.04209029988449776,0.05583290209019282,0.009644591083636817,0.04270228999865355,0.006102542425046516,0.004234805190547076,0.004223845259261377,0.00423550741104756,0.10808658813371572,0.13133974914881616,0.040862556168065375,0.03947498016431736,0.1087766947573707,0.13971675767044578,0.08899757196862555,0.10339846210908275,0.17371783948531774,0.1447876915191027,0.17232824077918094,0.12388064681045338,0.22540327571328728,0.2452919288375565,0.0,0.0,0.11091629604073619,0.05179427117343552,0.0356309361292546,0.03447082759701045,0.03040526075250465,0.011033344659898869,0.04680378777089492,0.013114049816327527,0.0148891305202567,0.06579553672953577,0.059835486401123544,0.06127142156672567,0.03317861508694449,0.057497351761183535,0.05082932644295009,0.05370904570994146,0.045885331822162964,0.05031132305409306,0.045885331822162964,0.054042408692600546,0.04709112853942889,0.06513701816176251,0.04956936241577026
/Users/narjes/Documents/ETS/Contrib5-Recommendation/APPROACHES/MainApproach_GA/Experiment_6/Gits/eyp-systemd/spec/classes/init_spec.rb,0.015740570828915983,0.013982623135240358,0.0,0.03721476132501642,0.0077118030141352335,0.2169749685968387,0.06791627627036649,0.5875567871863008,1.0000000000000002,0.4305538623596267,0.5684437481671991,0.43985995234651387,0.5381941567707178,0.14312648235145417,0.18197386499766288,0.21396408316600954,0.24601487188275323,0.20075283642674427,0.3092048103660981,0.16267735085290075,0.0,0.0,0.0,0.0,0.0,0.01372869812984871,0.018988236300539585,0.04827154817240782,0.07549098296507352,0.011060965219409599,0.05585411230832295,0.006998742500128672,0.0,0.0,0.0,0.12918029092797492,0.15896886160761747,0.04209205022567801,0.040662724106149725,0.047777298384176624,0.1665888112989371,0.10787365526932595,0.0903819498031711,0.1992294918338329,0.16605075385814125,0.19763582105772365,0.1420733667032459,0.2585052877187953,0.2813147255229214,0.0,0.0,0.1272051123923545,0.006672212120655188,0.011134436796528167,0.06958683777071353,0.00346792721861693,0.006821838753628762,0.012397464162754236,0.017731346110009948,0.014045269300429573,0.026009045387156742,0.019412564404885698,0.019878428151636623,0.029968540706113284,0.01865399800866973,0.04794850695138991,0.050665014309526225,0.0526239064948132,0.03749903614707613,0.0526239064948132,0.033414038020453306,0.05400678270342561,0.040273756371153276,0.013542939318107248
/Users/narjes/Documents/ETS/Contrib5-Recommendation/APPROACHES/MainApproach_GA/Experiment_6/Gits/eyp-systemd/spec/classes/logind_spec.rb,0.010057473854073401,0.0201788473385861,0.0,0.011889228576271109,0.0049274742336502045,0.06931832705972413,0.041118345048821406,0.6727515717049287,0.4305538623596267,1.0000000000000002,0.379880973719853,0.38594353689021205,0.41541183386099545,0.0855654448831775,0.10721700437578799,0.12607251326972888,0.21505195884733236,0.12041973277057437,0.11296552318093443,0.10462652398003444,0.0,0.0,0.0,0.0,0.0,0.008771983175970293,0.025157069159092854,0.030843216482833922,0.040913614081113756,0.007067429110681655,0.03129167476486231,0.004471862581827598,0.0031032093763432404,0.0030951780832849957,0.0031037239542620137,0.07920442586171614,0.09624403548832966,0.10886303137965354,0.0289267446942578,0.02859364642819698,0.10238259682004229,0.06521624664608076,0.07576902895854942,0.12729814101774212,0.10609851024649568,0.126279861418042,0.09077810369831953,0.165172546830092,0.17974668946027456,0.0,0.0,0.08127799848531164,0.04494306757186492,0.021680325506285122,0.02525976770977159,0.01034181204746728,0.051186311249750996,0.022198008945140273,0.02685600632388284,0.010910558421718092,0.039160439794051684,0.02805872939851929,0.028732084269830094,0.024312851429793503,0.026962305000469276,0.0372470598560396,0.039357280144451355,0.033624165821134734,0.06523548615927935,0.033624165821134734,0.06293492195952109,0.03450775774818159,0.07585511552610938,0.02688571568549842
/Users/narjes/Documents/ETS/Contrib5-Recommendation/APPROACHES/MainApproach_GA/Experiment_6/Gits/eyp-systemd/spec/defines/service_spec.rb,0.012958722168128663,0.0198351990824319,0.0,0.016166533700834915,0.021860968574429443,0.10856830915737536,0.052979626617186595,0.5036378871196316,0.5684437481671991,0.379880973719853,1.0000000000000002,0.654414312661488,0.9449752868015133,0.15133664519340087,0.23482643213935608,0.17005377965449903,0.19837070982701546,0.21722152038704035,0.14555233756696612,0.25888829689334547,0.0,0.0,0.019369382965390407,0.0,0.0,0.0578447364734087,0.032414050936363806,0.03974046355692115,0.20486793907555184,0.009106148483913305,0.14734370354276952,0.005761846922275027,0.0,0.0,0.0,0.12165448663708427,0.13966696788852098,0.040337095435250374,0.03622185902306561,0.03757493396044466,0.12612226031565021,0.07873395772740814,0.07440864688092799,0.16401944125363707,0.13670441869255645,0.1627074216935124,0.11696458194615658,0.21281935953594192,0.25618003502540615,0.02257236790390187,0.011647417497248241,0.1047240108236675,0.027524284286720133,0.06604556563934982,0.005137788592046059,0.010230901251381055,0.007625900144371159,0.030112942981568084,0.04092078716937793,0.018238410045141755,0.05328897509014537,0.041957243350319376,0.04296413549413118,0.08246041880706903,0.04031771988399166,0.06226327969411256,0.06579078593330012,0.06569975238835443,0.06722701345801083,0.06569975238835443,0.11336978032674143,0.06742624193543008,0.04502065434510269,0.06064346941428141
/Users/narjes/Documents/ETS/Contrib5-Recommendation/APPROACHES/MainApproach_GA/Experiment_6/Gits/eyp-systemd/spec/defines/timer_spec.rb,0.010001134011763932,0.01674363257188891,0.0,0.0013801134107523396,0.017338170228083517,0.05585973654017705,0.049789250536784985,0.48254329974042326,0.43985995234651387,0.38594353689021205,0.654414312661488,1.0,0.6301446466533421,0.10327320628428158,0.12728176609734848,0.17148887997614332,0.16626746900364345,0.2492585492754473,0.09134141291738719,0.12339343057002665,0.0,0.0,0.0,0.0,0.0,0.008722844380677743,0.029333321758769258,0.030670439304571025,0.038257588295890904,0.007027838866908076,0.16198325590172102,0.004446812153027553,0.0,0.0,0.0,0.09651604723180376,0.11653967079438726,0.03533811771941612,0.03272554040382746,0.03546554747365087,0.12059216930160452,0.07496917562272187,0.11878214368783736,0.1582313046793592,0.1318802110275871,0.15696558541354158,0.11283697994066774,0.20530910642674188,0.22342473313204814,0.0,0.0,0.10102837040067525,0.03891698610858375,0.03327900237030359,0.006022936450183145,0.009793374419566415,0.0064024356058538755,0.13514300453822475,0.00898595451754225,0.012774894398890872,0.08437743463233852,0.05798258158902841,0.05937405064700396,0.029312109762020644,0.055716851155793216,0.0436116317733941,0.04608243485247355,0.033435810352591015,0.02953558449673107,0.033435810352591015,0.031359760100414025,0.034314452584460135,0.03779774648513893,0.036051317847820626
/Users/narjes/Documents/ETS/Contrib5-Recommendation/APPROACHES/MainApproach_GA/Experiment_6/Gits/eyp-systemd/spec/defines/service_dropin_spec.rb,0.012269127020200117,0.01877967394129701,0.0,0.015306235667257351,0.020697642618184953,0.10279087383293675,0.05016032908304139,0.5311838368374621,0.5381941567707178,0.41541183386099545,0.9449752868015133,0.6301446466533421,1.0000000000000002,0.14328330360036762,0.22233020248741214,0.16100441044855457,0.196871903320652,0.20566213169569408,0.13780680645258678,0.2780516878116815,0.0,0.0,0.01833864611201809,0.0,0.0,0.05476654333926047,0.030689145350734366,0.03762568476239735,0.1939659431133201,0.008621567077710482,0.13950284533756663,0.005455231684355959,0.0,0.0,0.0,0.1151806736622988,0.1322346252445298,0.041909717192597486,0.03788718030820889,0.039189466512292534,0.12699799504545983,0.08147763542583222,0.07044900941148556,0.15529118785125762,0.12942972736051805,0.15404898708274764,0.1107403410724742,0.20149423072947725,0.24403483494469638,0.021371185010879278,0.011027603098282674,0.09915114887025421,0.05320160447293458,0.06253096743929683,0.004864382461550305,0.013717108357527395,0.009863012361219453,0.0285104902782444,0.03874319775004286,0.01726785763188038,0.05045321565464882,0.03972449917543476,0.04067780980651318,0.07807230831532894,0.03817222253889674,0.058949954891395664,0.06228974577136254,0.062203556553664455,0.07414188494928962,0.062203556553664455,0.12028213098311025,0.06383817139278929,0.05822778451192952,0.08379377379994893
/Users/narjes/Documents/ETS/Contrib5-Recommendation/APPROACHES/MainApproach_GA/Experiment_6/Gits/eyp-systemd/spec/acceptance/socket_spec.rb,0.007198187836695055,0.03410853101325304,0.014313288379570795,0.020944703641882535,0.031245486712051795,0.010371504215392081,0.03742352527510021,0.12318367936944437,0.14312648235145417,0.0855654448831775,0.15133664519340087,0.10327320628428158,0.14328330360036762,1.0000000000000007,0.5327178173386774,0.4525528077097237,0.5147661398974633,0.498292120866291,0.027172091017444618,0.483587816943291,0.0050201013765313685,0.011437342312299318,0.013046728494763201,0.0050201013765313685,0.021342792937832273,0.7550831456134313,0.012412029810651136,0.06296250433542153,0.17045720600080974,0.009423658327385188,0.125402891070926,0.014005579509920351,0.025028411619685578,0.024963636580646174,0.025032561861064593,0.08580647759882946,0.09881264246633202,0.024141148886454317,0.023321384240307896,0.020482746265579204,0.09422815151525868,0.045221454647264805,0.04863735769971205,0.1823542412786271,0.07593527132446644,0.1164790844218436,0.0649703744061771,0.13268514007654053,0.13934644141908212,0.08433968702261523,0.05753911399630602,0.07869007490378101,0.013996278177507508,0.039731652873837814,0.0074648467148007895,0.006725811696624113,0.03270859198504353,0.027181370476972756,0.04305834143531482,0.02727563487462601,0.04466294273858565,0.03677675997369338,0.03195355120624761,0.05264186929790853,0.30180425629822066,0.07604913694229044,0.0793225069884512,0.05454460157334413,0.03451876986770724,0.05454460157334413,0.047276285761001825,0.05597795072676463,0.03501205846066778,0.043480099708214634
/Users/narjes/Documents/ETS/Contrib5-Recommendation/APPROACHES/MainApproach_GA/Experiment_6/Gits/eyp-systemd/spec/acceptance/service_spec.rb,0.014068651891175598,0.027332468291863393,0.0009793572242488553,0.040406099816907196,0.12642657736836285,0.043437445359622254,0.06275011684382432,0.15527181641369756,0.18197386499766288,0.10721700437578799,0.23482643213935608,0.12728176609734848,0.22233020248741214,0.5327178173386774,1.0,0.5709728469378973,0.6900636259081471,0.8114781719986001,0.022672103913704774,0.9380265529605769,0.0,0.0,0.003901807156078952,0.0,0.007911704679753563,0.09220830532731744,0.022176786038575053,0.06961056159959737,0.5831562708435325,0.01598050750543656,0.4688576872602393,0.013929884285321055,0.04271953086726386,0.042608970144445334,0.04272661467135785,0.12270186469583172,0.12401007287153312,0.0282081115958789,0.027250244481533348,0.028024795947298745,0.08791399657888056,0.057682222454089854,0.05635996799644946,0.10175308479798853,0.08480760695906206,0.10093914447153941,0.07256156303278857,0.13202719245962627,0.15705482735008172,0.11872041185104476,0.09758808915672552,0.06496785425117899,0.016132271666888832,0.06965099401172045,0.01283390231065774,0.01409019181411486,0.04976765785230318,0.031023323149120863,0.09369552828431739,0.03488600362391732,0.05499631543564455,0.03933842680452508,0.04028247245043835,0.09993909805497417,0.03780123635242778,0.11909574330600076,0.12584307463253097,0.09657563207504558,0.061001440960797154,0.09657563207504558,0.0838104493921567,0.09911349277038276,0.07034532901048204,0.07569888735368788
/Users/narjes/Documents/ETS/Contrib5-Recommendation/APPROACHES/MainApproach_GA/Experiment_6/Gits/eyp-systemd/spec/acceptance/target_spec.rb,0.014473686244010056,0.018186657555496744,0.00019591303863132885,0.045003798397051924,0.05992757399887247,0.026068001644587422,0.05501821527746779,0.18817268895716166,0.21396408316600954,0.12607251326972888,0.17005377965449903,0.17148887997614332,0.16100441044855457,0.4525528077097237,0.5709728469378973,0.9999999999999992,0.7757465809895563,0.6386591114402875,0.025511533189378925,0.4810752561103503,0.006568491162232125,0.005705373691970375,0.012138744993439591,0.006568491162232125,0.005680168494919482,0.04577569950156911,0.026831719813875825,0.5740869630901486,0.1324683254261163,0.027523791170805882,0.15725921444389332,0.009889717762127331,0.042920979572740776,0.04280989748852066,0.0429280967813019,0.09165110432894968,0.0959796035515164,0.03406450403182375,0.032907770513251645,0.03604897848178289,0.1074286955028254,0.07267788111156637,0.08019134274599712,0.11449652885440524,0.11475171359075673,0.11358065153964803,0.11471451145683942,0.15979135715975967,0.16420094908473112,0.02477551212435514,0.03187986411727465,0.10875916730421838,0.05872587050866677,0.058406016784753656,0.016590537625650832,0.010094930863410722,0.02244078370306112,0.11142826488554722,0.028369786721475502,0.01846053280784542,0.19062997120817687,0.13238316961264945,0.10194014710649636,0.03125430174219752,0.1349860510620989,0.06302157450525106,0.06659204169494712,0.05209886171986289,0.048104654793768964,0.05209886171986289,0.05412434226155621,0.05346794055051351,0.06523577224209007,0.051094137876517856
/Users/narjes/Documents/ETS/Contrib5-Recommendation/APPROACHES/MainApproach_GA/Experiment_6/Gits/eyp-systemd/spec/acceptance/logind_spec.rb,0.016641774704909743,0.029853726827618825,0.00022525986785198882,0.020044892636185037,0.0669795174581166,0.029972862687691348,0.058536731234790466,0.2079490220469093,0.24601487188275323,0.21505195884733236,0.19837070982701546,0.16626746900364345,0.196871903320652,0.5147661398974633,0.6900636259081471,0.7757465809895563,1.0000000000000002,0.7020324268761239,0.02933303793912037,0.5870789816662715,0.0,0.0,0.00807701713266843,0.0,0.0,0.038359950583797264,0.030850982158921673,0.09212557333729478,0.2255844435213227,0.024310098524032292,0.17246456495533377,0.019314558504524702,0.04711120405005323,0.046989277412122464,0.047119016086687227,0.10537999815560317,0.11035688570573529,0.059955534856605326,0.04027386242897046,0.04165712229100677,0.12866668136404202,0.0882669478353697,0.08083538540857103,0.13164755719903568,0.10972359521307766,0.13059448587549258,0.09387973385549193,0.1708160239629446,0.1865867047535957,0.028486764464920756,0.0366553141555341,0.08405503701053171,0.042579921764595755,0.030629051742553086,0.022482992887646283,0.012556589953879047,0.05286945675227161,0.030278801076407288,0.035241730198110395,0.03576823237980788,0.039373065247556446,0.03457819707856447,0.035408006479884874,0.04443944334560253,0.033227017615693986,0.12210754398633664,0.12902550791916817,0.07801401461075255,0.06754938352733955,0.07801401461075255,0.08365275384598742,0.08006410423597231,0.10082620442662821,0.04230075533685744
/Users/narjes/Documents/ETS/Contrib5-Recommendation/APPROACHES/MainApproach_GA/Experiment_6/Gits/eyp-systemd/spec/acceptance/timer_spec.rb,0.015327047525906056,0.040670220845684876,0.001066957576106983,0.031855286300437935,0.1387480830971721,0.03154852336863316,0.07145093712664694,0.1838492195999063,0.20075283642674427,0.12041973277057437,0.21722152038704035,0.2492585492754473,0.20566213169569408,0.498292120866291,0.8114781719986001,0.6386591114402875,0.7020324268761239,1.0,0.024700050643487514,0.7352360799049654,0.003974723489619075,0.0034524340933760325,0.007345393891574399,0.003974723489619075,0.01205656313299504,0.06631040394121843,0.029831463349929803,0.06142020007679182,0.5053411698260817,0.021271066050025995,0.6800095685424874,0.010995372455010559,0.0455582347929964,0.045440327333181346,0.04556578931439656,0.11821867464564918,0.11803759307869241,0.032716114022649685,0.03160516798767818,0.036533911571481455,0.10590080716658634,0.07209256168746203,0.12746904768201442,0.11085457076271424,0.10408603946615283,0.10996782609355642,0.09906049779245765,0.1438365999239706,0.16377538548394974,0.09097196510388215,0.07250809485627603,0.07675055445901885,0.02744356586184896,0.06108425309859744,0.012188657797812186,0.014855412654762543,0.04408757688067359,0.20358376984155016,0.07107110514695353,0.02678318195256331,0.05939992421386315,0.05160257581814644,0.05168441265488777,0.07213782066942467,0.047415576208096694,0.09143388841918076,0.0966140461856265,0.08326877407882492,0.06411276384273912,0.08326877407882492,0.08279176802858385,0.08545695078906743,0.07751222141131037,0.06805425364024464
/Users/narjes/Documents/ETS/Contrib5-Recommendation/APPROACHES/MainApproach_GA/Experiment_6/Gits/eyp-systemd/spec/acceptance/version.rb,0.0,0.21029550149402942,0.0,0.0,0.0,0.12980762973600207,0.012308351325511845,0.15415878398872618,0.3092048103660981,0.11296552318093443,0.14555233756696612,0.09134141291738719,0.13780680645258678,0.027172091017444618,0.022672103913704774,0.025511533189378925,0.02933303793912037,0.024700050643487514,1.0000000000000002,0.019850976679332985,0.07960374730861725,0.0,0.0,0.07960374730861725,0.0,0.0,0.0,0.0,0.0,0.0,0.0,0.0,0.0,0.0,0.0,0.02404185324462892,0.028809656623311645,0.015381361521325125,0.014859054300401839,0.004681752687778827,0.024571899868627303,0.013472692285255454,0.0183001571540079,0.04033914977727507,0.033621258423425296,0.04001647001966792,0.028766417893511437,0.05234106368249652,0.08210918984445048,0.0,0.03005998438730523,0.025755956279354914,0.007774442123697341,0.0,0.22916055721681702,0.0,0.0,0.0,0.0,0.0,0.0,0.0,0.0,0.0,0.0,0.0,0.0,0.0,0.0,0.0,0.0,0.0,0.0,0.0
/Users/narjes/Documents/ETS/Contrib5-Recommendation/APPROACHES/MainApproach_GA/Experiment_6/Gits/eyp-systemd/spec/acceptance/service_dropin_spec.rb,0.01548556914225306,0.031381412556623196,0.0008384387652039613,0.0478694993001788,0.11274390917778576,0.030425961988377652,0.056011039759726725,0.16160247227928745,0.16267735085290075,0.10462652398003444,0.25888829689334547,0.12339343057002665,0.2780516878116815,0.483587816943291,0.9380265529605769,0.4810752561103503,0.5870789816662715,0.7352360799049654,0.019850976679332985,1.0,0.0,0.0,0.002733039091824495,0.0,0.011083581175481213,0.10724136299738392,0.02961911765828841,0.06602796580058012,0.5815658102767787,0.015150630203151697,0.4627039456985184,0.012261020270457506,0.03488198974900472,0.03479171305537761,0.03488777392258468,0.11445524516165737,0.1123399949469657,0.028223331198150348,0.027264947269467203,0.03131220923897551,0.0870952395071615,0.05975314761439827,0.054704915117924455,0.08909178085383065,0.0742548567341707,0.08837912046288462,0.06353260822473279,0.11559883143308959,0.14611547993118942,0.12542800307424945,0.09550744808832702,0.05688379713480754,0.03411095486889881,0.09158075073465101,0.010063541533267894,0.016916595900222462,0.058098759442088685,0.0375446162914269,0.0973072035635331,0.03309391904306932,0.06069026017731983,0.04805744549256476,0.04921073060984736,0.09271371481442263,0.04617955020380706,0.11297782714901822,0.11937854988826221,0.1059195703464341,0.07329426741806819,0.1059195703464341,0.1035287949146623,0.10870297552508554,0.08181547342323303,0.1341289004376522
